Date,Open,High,Low,Close,Adj Close,Volume,Date
2020-01-02,24.5,26.399999618530273,23.200000762939453,23.5,23.5,40170,2020-01-02
2020-01-03,23.5,25.399999618530273,23.200000762939453,23.600000381469727,23.600000381469727,34040,2020-01-03
2020-01-06,25.299999237060547,25.700000762939453,23.5,23.799999237060547,23.799999237060547,39910,2020-01-06
2020-01-07,24.799999237060547,33.599998474121094,23.5,27.5,27.5,236670,2020-01-07
2020-01-08,29.5,30.0,25.100000381469727,26.600000381469727,26.600000381469727,115960,2020-01-08
2020-01-09,26.600000381469727,28.0,25.600000381469727,27.5,27.5,42710,2020-01-09
2020-01-10,28.0,28.600000381469727,27.0,28.0,28.0,31490,2020-01-10
2020-01-13,29.0,29.0,27.5,28.399999618530273,28.399999618530273,38210,2020-01-13
2020-01-14,29.5,30.100000381469727,25.0,26.899999618530273,26.899999618530273,83080,2020-01-14
2020-01-15,26.899999618530273,27.100000381469727,26.200000762939453,27.100000381469727,27.100000381469727,19670,2020-01-15
2020-01-16,26.399999618530273,26.399999618530273,22.799999237060547,25.200000762939453,25.200000762939453,90900,2020-01-16
2020-01-17,25.0,25.0,21.299999237060547,21.5,21.5,54700,2020-01-17
2020-01-21,21.0,21.0,18.0,18.399999618530273,18.399999618530273,94380,2020-01-21
2020-01-22,17.399999618530273,18.600000381469727,17.299999237060547,17.899999618530273,17.899999618530273,17160,2020-01-22
2020-01-23,17.299999237060547,18.0,17.0,17.100000381469727,17.100000381469727,13550,2020-01-23
2020-01-24,17.399999618530273,19.799999237060547,17.299999237060547,18.5,18.5,33370,2020-01-24
2020-01-27,17.5,18.299999237060547,16.0,16.899999618530273,16.899999618530273,31360,2020-01-27
2020-01-28,16.700000762939453,16.700000762939453,16.0,16.200000762939453,16.200000762939453,18820,2020-01-28
2020-01-29,16.0,16.399999618530273,15.5,16.0,16.0,20840,2020-01-29
2020-01-30,16.0,16.5,15.600000381469727,15.800000190734863,15.800000190734863,15220,2020-01-30
2020-01-31,16.0,16.200000762939453,15.800000190734863,15.899999618530273,15.899999618530273,13990,2020-01-31
2020-02-03,15.899999618530273,16.299999237060547,15.600000381469727,15.699999809265137,15.699999809265137,14510,2020-02-03
2020-02-04,15.5,16.0,15.5,15.699999809265137,15.699999809265137,11730,2020-02-04
2020-02-05,15.399999618530273,16.0,15.199999809265137,15.199999809265137,15.199999809265137,19030,2020-02-05
2020-02-06,15.600000381469727,16.0,15.100000381469727,15.199999809265137,15.199999809265137,12150,2020-02-06
2020-02-07,15.100000381469727,16.100000381469727,15.0,15.699999809265137,15.699999809265137,20150,2020-02-07
2020-02-10,15.699999809265137,15.800000190734863,15.0,15.300000190734863,15.300000190734863,13500,2020-02-10
2020-02-11,15.300000190734863,16.100000381469727,15.300000190734863,15.600000381469727,15.600000381469727,10410,2020-02-11
2020-02-12,15.899999618530273,16.0,15.600000381469727,15.800000190734863,15.800000190734863,12890,2020-02-12
2020-02-13,15.800000190734863,15.800000190734863,15.100000381469727,15.399999618530273,15.399999618530273,5020,2020-02-13
2020-02-14,15.5,15.899999618530273,15.399999618530273,15.800000190734863,15.800000190734863,5960,2020-02-14
2020-02-18,16.100000381469727,16.399999618530273,15.399999618530273,16.0,16.0,18600,2020-02-18
2020-02-19,16.0,16.100000381469727,15.800000190734863,15.800000190734863,15.800000190734863,8530,2020-02-19
2020-02-20,16.0,16.100000381469727,14.300000190734863,14.899999618530273,14.899999618530273,24100,2020-02-20
2020-02-21,14.899999618530273,14.899999618530273,14.199999809265137,14.199999809265137,14.199999809265137,8420,2020-02-21
2020-02-24,14.5,14.600000381469727,13.699999809265137,14.199999809265137,14.199999809265137,6140,2020-02-24
2020-02-25,14.199999809265137,14.699999809265137,12.800000190734863,13.5,13.5,8770,2020-02-25
2020-02-26,12.899999618530273,14.0,12.800000190734863,13.5,13.5,11820,2020-02-26
2020-02-27,13.300000190734863,13.300000190734863,12.0,12.899999618530273,12.899999618530273,9670,2020-02-27
2020-02-28,11.300000190734863,13.0,11.199999809265137,12.300000190734863,12.300000190734863,11420,2020-02-28
2020-03-02,12.600000381469727,13.399999618530273,12.600000381469727,13.199999809265137,13.199999809265137,5670,2020-03-02
2020-03-03,13.300000190734863,13.300000190734863,12.899999618530273,13.300000190734863,13.300000190734863,2200,2020-03-03
2020-03-04,14.100000381469727,14.399999618530273,13.600000381469727,13.699999809265137,13.699999809265137,29930,2020-03-04
2020-03-05,13.5,13.5,12.199999809265137,12.399999618530273,12.399999618530273,10570,2020-03-05
2020-03-06,12.300000190734863,12.399999618530273,11.699999809265137,11.800000190734863,11.800000190734863,6300,2020-03-06
2020-03-09,11.399999618530273,11.600000381469727,10.399999618530273,10.899999618530273,10.899999618530273,23510,2020-03-09
2020-03-10,11.300000190734863,11.699999809265137,11.199999809265137,11.600000381469727,11.600000381469727,6390,2020-03-10
2020-03-11,11.399999618530273,11.699999809265137,10.399999618530273,10.600000381469727,10.600000381469727,7090,2020-03-11
2020-03-12,9.800000190734863,11.100000381469727,9.800000190734863,10.100000381469727,10.100000381469727,16940,2020-03-12
2020-03-13,10.699999809265137,10.699999809265137,9.800000190734863,10.100000381469727,10.100000381469727,9020,2020-03-13
2020-03-16,10.0,10.300000190734863,8.899999618530273,9.0,9.0,14910,2020-03-16
2020-03-17,8.899999618530273,9.0,8.0,8.100000381469727,8.100000381469727,18640,2020-03-17
2020-03-18,7.599999904632568,8.0,7.0,7.0,7.0,12740,2020-03-18
2020-03-19,6.699999809265137,7.599999904632568,6.5,7.400000095367432,7.400000095367432,7580,2020-03-19
2020-03-20,7.599999904632568,7.699999809265137,6.900000095367432,7.0,7.0,9820,2020-03-20
2020-03-23,7.0,7.199999809265137,6.0,6.300000190734863,6.300000190734863,8110,2020-03-23
2020-03-24,6.699999809265137,8.100000381469727,6.699999809265137,8.100000381469727,8.100000381469727,26440,2020-03-24
2020-03-25,9.0,12.5,9.0,10.399999618530273,10.399999618530273,52470,2020-03-25
2020-03-26,11.0,11.300000190734863,10.0,10.699999809265137,10.699999809265137,10780,2020-03-26
2020-03-27,11.0,11.0,9.5,10.399999618530273,10.399999618530273,5950,2020-03-27
2020-03-30,10.0,10.399999618530273,9.5,10.199999809265137,10.199999809265137,9880,2020-03-30
2020-03-31,10.5,11.0,9.800000190734863,10.600000381469727,10.600000381469727,16480,2020-03-31
2020-04-01,10.399999618530273,10.399999618530273,9.5,9.699999809265137,9.699999809265137,5210,2020-04-01
2020-04-02,9.800000190734863,9.899999618530273,9.800000190734863,9.800000190734863,9.800000190734863,1610,2020-04-02
2020-04-03,9.800000190734863,9.899999618530273,9.5,9.800000190734863,9.800000190734863,1540,2020-04-03
2020-04-06,9.899999618530273,10.300000190734863,9.600000381469727,10.199999809265137,10.199999809265137,2970,2020-04-06
2020-04-07,10.800000190734863,10.899999618530273,10.300000190734863,10.899999618530273,10.899999618530273,7300,2020-04-07
2020-04-08,11.0,11.0,10.300000190734863,10.399999618530273,10.399999618530273,2620,2020-04-08
2020-04-09,10.800000190734863,10.800000190734863,10.399999618530273,10.699999809265137,10.699999809265137,5760,2020-04-09
2020-04-13,11.100000381469727,11.699999809265137,11.0,11.600000381469727,11.600000381469727,3630,2020-04-13
2020-04-14,11.899999618530273,12.5,11.699999809265137,12.5,12.5,5350,2020-04-14
2020-04-15,12.399999618530273,13.0,11.899999618530273,13.0,13.0,4880,2020-04-15
2020-04-16,13.0,13.0,11.5,11.699999809265137,11.699999809265137,3390,2020-04-16
2020-04-17,12.300000190734863,12.300000190734863,11.800000190734863,12.199999809265137,12.199999809265137,4340,2020-04-17
2020-04-20,13.199999809265137,13.199999809265137,12.0,12.199999809265137,12.199999809265137,2960,2020-04-20
2020-04-21,12.5,12.5,11.600000381469727,11.699999809265137,11.699999809265137,4110,2020-04-21
2020-04-22,11.800000190734863,12.0,11.600000381469727,11.899999618530273,11.899999618530273,1530,2020-04-22
2020-04-23,12.100000381469727,12.100000381469727,11.800000190734863,11.800000190734863,11.800000190734863,1890,2020-04-23
2020-04-24,12.899999618530273,12.899999618530273,11.600000381469727,11.899999618530273,11.899999618530273,2750,2020-04-24
2020-04-27,11.600000381469727,12.100000381469727,11.5,11.699999809265137,11.699999809265137,3560,2020-04-27
2020-04-28,11.300000190734863,11.699999809265137,10.800000190734863,11.100000381469727,11.100000381469727,6750,2020-04-28
2020-04-29,11.100000381469727,11.600000381469727,11.100000381469727,11.600000381469727,11.600000381469727,3490,2020-04-29
2020-04-30,11.699999809265137,11.899999618530273,11.5,11.800000190734863,11.800000190734863,1540,2020-04-30
2020-05-01,12.300000190734863,12.300000190734863,11.600000381469727,11.699999809265137,11.699999809265137,3120,2020-05-01
2020-05-04,9.699999809265137,11.300000190734863,9.699999809265137,11.0,11.0,2960,2020-05-04
2020-05-05,11.699999809265137,11.699999809265137,11.0,11.100000381469727,11.100000381469727,2870,2020-05-05
2020-05-06,11.5,11.5,10.5,10.899999618530273,10.899999618530273,3090,2020-05-06
2020-05-07,11.0,11.0,10.0,10.600000381469727,10.600000381469727,6760,2020-05-07
2020-05-08,10.300000190734863,10.600000381469727,10.100000381469727,10.399999618530273,10.399999618530273,3130,2020-05-08
2020-05-11,10.5,11.0,10.399999618530273,10.800000190734863,10.800000190734863,4690,2020-05-11
2020-05-12,10.800000190734863,10.800000190734863,10.5,10.600000381469727,10.600000381469727,1900,2020-05-12
2020-05-13,10.800000190734863,10.800000190734863,10.399999618530273,10.5,10.5,3760,2020-05-13
2020-05-14,10.199999809265137,10.600000381469727,10.199999809265137,10.600000381469727,10.600000381469727,1790,2020-05-14
2020-05-15,10.800000190734863,10.800000190734863,10.199999809265137,10.5,10.5,4960,2020-05-15
2020-05-18,10.199999809265137,10.399999618530273,10.0,10.399999618530273,10.399999618530273,10520,2020-05-18
2020-05-19,10.5,10.5,9.899999618530273,10.100000381469727,10.100000381469727,8360,2020-05-19
2020-05-20,9.0,10.100000381469727,9.0,10.100000381469727,10.100000381469727,5800,2020-05-20
2020-05-21,10.399999618530273,10.399999618530273,9.600000381469727,9.699999809265137,9.699999809265137,4720,2020-05-21
2020-05-22,10.0,10.0,9.100000381469727,9.5,9.5,6870,2020-05-22
2020-05-26,9.300000190734863,10.100000381469727,9.300000190734863,10.100000381469727,10.100000381469727,11240,2020-05-26
2020-05-27,10.100000381469727,10.100000381469727,9.800000190734863,9.800000190734863,9.800000190734863,7300,2020-05-27
2020-05-28,9.800000190734863,10.100000381469727,9.800000190734863,10.0,10.0,5850,2020-05-28
2020-05-29,9.600000381469727,10.399999618530273,9.600000381469727,10.399999618530273,10.399999618530273,8080,2020-05-29
2020-06-01,10.5,11.5,10.100000381469727,11.399999618530273,11.399999618530273,14070,2020-06-01
2020-06-02,11.300000190734863,12.0,11.199999809265137,11.899999618530273,11.899999618530273,7730,2020-06-02
2020-06-03,11.800000190734863,12.0,10.899999618530273,11.5,11.5,6440,2020-06-03
2020-06-04,11.600000381469727,11.899999618530273,11.399999618530273,11.899999618530273,11.899999618530273,9900,2020-06-04
2020-06-05,12.199999809265137,12.5,11.899999618530273,12.100000381469727,12.100000381469727,9310,2020-06-05
2020-06-08,12.5,12.5,12.0,12.300000190734863,12.300000190734863,12490,2020-06-08
2020-06-09,12.600000381469727,12.899999618530273,12.300000190734863,12.5,12.5,7620,2020-06-09
2020-06-10,12.899999618530273,12.899999618530273,11.800000190734863,12.300000190734863,12.300000190734863,12940,2020-06-10
2020-06-11,11.800000190734863,12.100000381469727,11.5,11.5,11.5,6740,2020-06-11
2020-06-12,12.0,12.0,11.5,11.699999809265137,11.699999809265137,6160,2020-06-12
2020-06-15,11.699999809265137,12.100000381469727,11.600000381469727,12.0,12.0,3900,2020-06-15
2020-06-16,12.100000381469727,12.300000190734863,12.0,12.100000381469727,12.100000381469727,4830,2020-06-16
2020-06-17,12.0,12.100000381469727,11.600000381469727,11.699999809265137,11.699999809265137,3030,2020-06-17
2020-06-18,11.600000381469727,12.300000190734863,11.600000381469727,11.699999809265137,11.699999809265137,4230,2020-06-18
2020-06-19,11.699999809265137,12.100000381469727,11.600000381469727,11.600000381469727,11.600000381469727,7520,2020-06-19
2020-06-22,11.5,12.100000381469727,11.5,11.699999809265137,11.699999809265137,4190,2020-06-22
2020-06-23,11.5,12.199999809265137,11.199999809265137,11.300000190734863,11.300000190734863,6650,2020-06-23
2020-06-24,11.199999809265137,11.300000190734863,10.800000190734863,11.0,11.0,4520,2020-06-24
2020-06-25,11.0,11.100000381469727,10.800000190734863,10.899999618530273,10.899999618530273,1870,2020-06-25
2020-06-26,11.100000381469727,12.199999809265137,10.5,12.199999809265137,12.199999809265137,14210,2020-06-26
2020-06-29,12.800000190734863,12.800000190734863,11.399999618530273,11.5,11.5,4910,2020-06-29
2020-06-30,11.800000190734863,12.0,11.5,11.899999618530273,11.899999618530273,3980,2020-06-30
2020-07-01,11.699999809265137,13.0,11.300000190734863,12.399999618530273,12.399999618530273,52420,2020-07-01
2020-07-02,12.600000381469727,14.199999809265137,12.199999809265137,13.800000190734863,13.800000190734863,38580,2020-07-02
2020-07-06,14.399999618530273,14.899999618530273,14.0,14.100000381469727,14.100000381469727,16390,2020-07-06
2020-07-07,14.100000381469727,14.899999618530273,13.899999618530273,14.199999809265137,14.199999809265137,7780,2020-07-07
2020-07-08,14.0,14.100000381469727,12.100000381469727,13.300000190734863,13.300000190734863,35470,2020-07-08
2020-07-09,13.0,14.199999809265137,12.699999809265137,14.0,14.0,6730,2020-07-09
2020-07-10,14.0,14.0,12.600000381469727,13.100000381469727,13.100000381469727,6780,2020-07-10
2020-07-13,13.300000190734863,13.300000190734863,12.5,12.5,12.5,4720,2020-07-13
2020-07-14,12.399999618530273,12.399999618530273,11.399999618530273,11.5,11.5,8250,2020-07-14
2020-07-15,11.600000381469727,12.800000190734863,11.600000381469727,12.800000190734863,12.800000190734863,9020,2020-07-15
2020-07-16,12.899999618530273,13.0,12.5,12.800000190734863,12.800000190734863,2320,2020-07-16
2020-07-17,12.699999809265137,13.100000381469727,12.100000381469727,12.300000190734863,12.300000190734863,2900,2020-07-17
2020-07-20,12.300000190734863,12.600000381469727,11.600000381469727,11.899999618530273,11.899999618530273,5040,2020-07-20
2020-07-21,12.0,12.100000381469727,11.899999618530273,11.899999618530273,11.899999618530273,1840,2020-07-21
2020-07-22,12.0,12.5,12.0,12.399999618530273,12.399999618530273,4390,2020-07-22
2020-07-23,12.399999618530273,12.5,11.800000190734863,12.199999809265137,12.199999809265137,2470,2020-07-23
2020-07-24,12.199999809265137,12.300000190734863,11.899999618530273,12.100000381469727,12.100000381469727,5180,2020-07-24
2020-07-27,11.199999809265137,12.399999618530273,11.199999809265137,12.199999809265137,12.199999809265137,4240,2020-07-27
2020-07-28,12.0,12.199999809265137,11.800000190734863,11.899999618530273,11.899999618530273,1160,2020-07-28
2020-07-29,11.800000190734863,12.0,11.800000190734863,11.899999618530273,11.899999618530273,1330,2020-07-29
2020-07-30,11.800000190734863,11.899999618530273,11.5,11.600000381469727,11.600000381469727,4350,2020-07-30
2020-07-31,11.800000190734863,12.100000381469727,11.800000190734863,11.800000190734863,11.800000190734863,3860,2020-07-31
2020-08-03,12.800000190734863,14.0,12.300000190734863,13.0,13.0,13430,2020-08-03
2020-08-04,11.899999618530273,13.399999618530273,11.899999618530273,13.199999809265137,13.199999809265137,7630,2020-08-04
2020-08-05,13.899999618530273,13.899999618530273,13.300000190734863,13.600000381469727,13.600000381469727,8940,2020-08-05
2020-08-06,13.800000190734863,14.0,13.300000190734863,13.300000190734863,13.300000190734863,6870,2020-08-06
2020-08-07,13.300000190734863,13.399999618530273,12.5,12.699999809265137,12.699999809265137,8220,2020-08-07
2020-08-10,12.399999618530273,12.699999809265137,12.0,12.5,12.5,6760,2020-08-10
2020-08-11,12.300000190734863,13.800000190734863,12.300000190734863,12.5,12.5,12180,2020-08-11
2020-08-12,12.699999809265137,13.199999809265137,12.5,12.600000381469727,12.600000381469727,1830,2020-08-12
2020-08-13,12.5,12.800000190734863,12.399999618530273,12.600000381469727,12.600000381469727,3690,2020-08-13
2020-08-14,12.899999618530273,13.300000190734863,12.699999809265137,13.300000190734863,13.300000190734863,5870,2020-08-14
2020-08-17,14.0,14.100000381469727,13.199999809265137,13.600000381469727,13.600000381469727,11870,2020-08-17
2020-08-18,13.199999809265137,13.199999809265137,12.5,12.5,12.5,7180,2020-08-18
2020-08-19,13.0,13.100000381469727,12.5,12.600000381469727,12.600000381469727,3970,2020-08-19
2020-08-20,12.5,13.0,12.5,12.800000190734863,12.800000190734863,2070,2020-08-20
2020-08-21,12.600000381469727,12.699999809265137,12.199999809265137,12.300000190734863,12.300000190734863,3690,2020-08-21
2020-08-24,12.199999809265137,12.300000190734863,12.100000381469727,12.100000381469727,12.100000381469727,1920,2020-08-24
2020-08-25,12.100000381469727,12.199999809265137,12.100000381469727,12.199999809265137,12.199999809265137,1940,2020-08-25
2020-08-26,12.100000381469727,12.300000190734863,12.0,12.100000381469727,12.100000381469727,3290,2020-08-26
2020-08-27,11.5,11.899999618530273,11.5,11.5,11.5,5360,2020-08-27
2020-08-28,11.5,11.699999809265137,11.0,11.199999809265137,11.199999809265137,3840,2020-08-28
2020-08-31,10.699999809265137,11.100000381469727,10.600000381469727,11.0,11.0,5910,2020-08-31
2020-09-01,10.899999618530273,11.600000381469727,10.899999618530273,11.600000381469727,11.600000381469727,6200,2020-09-01
2020-09-02,12.0,12.0,11.300000190734863,11.399999618530273,11.399999618530273,2310,2020-09-02
2020-09-03,11.600000381469727,11.600000381469727,11.0,11.199999809265137,11.199999809265137,2980,2020-09-03
2020-09-04,11.100000381469727,11.300000190734863,10.699999809265137,11.0,11.0,4290,2020-09-04
2020-09-08,10.800000190734863,11.100000381469727,10.600000381469727,11.0,11.0,960,2020-09-08
2020-09-09,11.199999809265137,11.300000190734863,11.100000381469727,11.100000381469727,11.100000381469727,1680,2020-09-09
2020-09-10,11.0,11.300000190734863,11.0,11.0,11.0,1510,2020-09-10
2020-09-11,11.100000381469727,11.100000381469727,11.0,11.0,11.0,1650,2020-09-11
2020-09-14,11.0,11.5,11.0,11.100000381469727,11.100000381469727,830,2020-09-14
2020-09-15,11.0,11.399999618530273,11.0,11.100000381469727,11.100000381469727,2180,2020-09-15
2020-09-16,11.199999809265137,11.300000190734863,11.100000381469727,11.100000381469727,11.100000381469727,1260,2020-09-16
2020-09-17,11.100000381469727,11.199999809265137,10.699999809265137,10.800000190734863,10.800000190734863,3880,2020-09-17
2020-09-18,10.899999618530273,11.100000381469727,10.5,11.100000381469727,11.100000381469727,2150,2020-09-18
2020-09-21,11.399999618530273,11.399999618530273,10.600000381469727,10.600000381469727,10.600000381469727,1870,2020-09-21
2020-09-22,10.699999809265137,11.199999809265137,10.600000381469727,11.199999809265137,11.199999809265137,1080,2020-09-22
2020-09-23,10.800000190734863,11.300000190734863,10.800000190734863,10.899999618530273,10.899999618530273,2020,2020-09-23
2020-09-24,10.800000190734863,11.5,10.699999809265137,11.199999809265137,11.199999809265137,2470,2020-09-24
2020-09-25,11.399999618530273,11.399999618530273,10.699999809265137,11.0,11.0,4010,2020-09-25
2020-09-28,11.0,11.899999618530273,11.0,11.5,11.5,2250,2020-09-28
2020-09-29,11.600000381469727,12.699999809265137,11.600000381469727,12.600000381469727,12.600000381469727,9400,2020-09-29
2020-09-30,12.699999809265137,14.899999618530273,12.100000381469727,12.199999809265137,12.199999809265137,37400,2020-09-30
2020-10-01,11.899999618530273,12.399999618530273,11.0,11.300000190734863,11.300000190734863,11450,2020-10-01
2020-10-02,11.0,11.300000190734863,11.0,11.300000190734863,11.300000190734863,3510,2020-10-02
2020-10-05,11.300000190734863,11.899999618530273,11.199999809265137,11.399999618530273,11.399999618530273,3640,2020-10-05
2020-10-06,11.399999618530273,11.899999618530273,11.100000381469727,11.300000190734863,11.300000190734863,6020,2020-10-06
2020-10-07,11.5,11.5,11.0,11.5,11.5,2060,2020-10-07
2020-10-08,11.5,11.5,11.199999809265137,11.399999618530273,11.399999618530273,1750,2020-10-08
2020-10-09,11.199999809265137,11.5,10.899999618530273,10.899999618530273,10.899999618530273,10210,2020-10-09
2020-10-12,10.899999618530273,11.300000190734863,10.800000190734863,10.899999618530273,10.899999618530273,4650,2020-10-12
2020-10-13,10.899999618530273,11.100000381469727,10.5,10.699999809265137,10.699999809265137,19710,2020-10-13
2020-10-14,10.800000190734863,11.199999809265137,10.600000381469727,11.199999809265137,11.199999809265137,7170,2020-10-14
2020-10-15,11.199999809265137,11.300000190734863,10.800000190734863,10.800000190734863,10.800000190734863,4320,2020-10-15
2020-10-16,11.0,11.0,10.699999809265137,10.699999809265137,10.699999809265137,4480,2020-10-16
2020-10-19,10.800000190734863,10.899999618530273,10.600000381469727,10.699999809265137,10.699999809265137,1850,2020-10-19
2020-10-20,10.699999809265137,10.800000190734863,10.399999618530273,10.699999809265137,10.699999809265137,4840,2020-10-20
2020-10-21,10.600000381469727,11.5,10.5,10.699999809265137,10.699999809265137,20890,2020-10-21
2020-10-22,10.699999809265137,10.699999809265137,10.300000190734863,10.300000190734863,10.300000190734863,7990,2020-10-22
2020-10-23,10.300000190734863,10.5,10.199999809265137,10.399999618530273,10.399999618530273,5480,2020-10-23
2020-10-26,10.300000190734863,10.300000190734863,9.899999618530273,9.899999618530273,9.899999618530273,9050,2020-10-26
2020-10-27,10.0,10.100000381469727,9.899999618530273,10.0,10.0,6250,2020-10-27
2020-10-28,9.800000190734863,10.0,9.600000381469727,9.600000381469727,9.600000381469727,4920,2020-10-28
2020-10-29,9.600000381469727,10.399999618530273,9.399999618530273,10.300000190734863,10.300000190734863,187470,2020-10-29
2020-10-30,13.699999809265137,15.300000190734863,11.399999618530273,13.199999809265137,13.199999809265137,1715290,2020-10-30
2020-11-02,11.699999809265137,13.0,11.600000381469727,13.0,13.0,104210,2020-11-02
2020-11-03,11.800000190734863,12.100000381469727,10.600000381469727,10.800000190734863,10.800000190734863,37190,2020-11-03
2020-11-04,10.899999618530273,11.0,10.5,10.699999809265137,10.699999809265137,20030,2020-11-04
2020-11-05,11.699999809265137,11.699999809265137,10.800000190734863,11.100000381469727,11.100000381469727,31150,2020-11-05
2020-11-06,10.800000190734863,11.199999809265137,10.100000381469727,11.199999809265137,11.199999809265137,45050,2020-11-06
2020-11-09,11.699999809265137,11.800000190734863,11.100000381469727,11.399999618530273,11.399999618530273,15670,2020-11-09
2020-11-10,11.399999618530273,11.899999618530273,11.100000381469727,11.300000190734863,11.300000190734863,11390,2020-11-10
2020-11-11,12.800000190734863,12.800000190734863,11.199999809265137,11.399999618530273,11.399999618530273,8360,2020-11-11
2020-11-12,11.300000190734863,11.699999809265137,11.100000381469727,11.100000381469727,11.100000381469727,6420,2020-11-12
2020-11-13,11.300000190734863,11.800000190734863,11.0,11.399999618530273,11.399999618530273,13560,2020-11-13
2020-11-16,11.300000190734863,12.0,11.300000190734863,11.600000381469727,11.600000381469727,7500,2020-11-16
2020-11-17,11.300000190734863,11.699999809265137,11.300000190734863,11.600000381469727,11.600000381469727,8950,2020-11-17
2020-11-18,11.5,12.100000381469727,11.5,12.100000381469727,12.100000381469727,10980,2020-11-18
2020-11-19,12.399999618530273,12.399999618530273,11.699999809265137,12.199999809265137,12.199999809265137,7600,2020-11-19
2020-11-20,12.100000381469727,12.199999809265137,11.5,11.600000381469727,11.600000381469727,7250,2020-11-20
2020-11-23,11.5,14.199999809265137,11.5,13.300000190734863,13.300000190734863,103240,2020-11-23
2020-11-24,13.0,13.199999809265137,12.0,12.699999809265137,12.699999809265137,33110,2020-11-24
2020-11-25,12.899999618530273,12.899999618530273,12.0,12.600000381469727,12.600000381469727,15730,2020-11-25
2020-11-27,12.199999809265137,12.800000190734863,12.199999809265137,12.699999809265137,12.699999809265137,5010,2020-11-27
2020-11-30,12.699999809265137,15.800000190734863,12.600000381469727,13.300000190734863,13.300000190734863,141550,2020-11-30
2020-12-01,14.100000381469727,14.100000381469727,12.5,13.100000381469727,13.100000381469727,20650,2020-12-01
2020-12-02,12.800000190734863,13.600000381469727,12.699999809265137,13.0,13.0,29100,2020-12-02
2020-12-03,13.199999809265137,13.699999809265137,12.899999618530273,13.0,13.0,23680,2020-12-03
2020-12-04,13.0,14.0,12.300000190734863,13.5,13.5,41120,2020-12-04
2020-12-07,13.300000190734863,13.899999618530273,13.199999809265137,13.399999618530273,13.399999618530273,30110,2020-12-07
2020-12-08,13.600000381469727,13.699999809265137,12.699999809265137,13.0,13.0,11190,2020-12-08
2020-12-09,12.800000190734863,13.0,12.100000381469727,12.399999618530273,12.399999618530273,24490,2020-12-09
2020-12-10,12.199999809265137,12.5,12.0,12.399999618530273,12.399999618530273,10560,2020-12-10
2020-12-11,12.600000381469727,12.800000190734863,12.100000381469727,12.300000190734863,12.300000190734863,6310,2020-12-11
2020-12-14,12.300000190734863,12.300000190734863,11.800000190734863,12.0,12.0,12350,2020-12-14
2020-12-15,12.300000190734863,12.399999618530273,11.899999618530273,12.0,12.0,8180,2020-12-15
2020-12-16,12.199999809265137,12.300000190734863,11.899999618530273,11.899999618530273,11.899999618530273,9800,2020-12-16
2020-12-17,11.899999618530273,12.100000381469727,11.800000190734863,11.899999618530273,11.899999618530273,18100,2020-12-17
2020-12-18,12.5,12.5,11.600000381469727,11.600000381469727,11.600000381469727,13780,2020-12-18
2020-12-21,11.699999809265137,12.0,11.600000381469727,11.600000381469727,11.600000381469727,8600,2020-12-21
2020-12-22,11.800000190734863,11.899999618530273,11.600000381469727,11.600000381469727,11.600000381469727,3690,2020-12-22
2020-12-23,11.899999618530273,12.0,11.699999809265137,11.800000190734863,11.800000190734863,8760,2020-12-23
2020-12-24,12.0,12.0,11.899999618530273,11.899999618530273,11.899999618530273,3190,2020-12-24
2020-12-28,12.0,13.5,11.899999618530273,12.399999618530273,12.399999618530273,73250,2020-12-28
2020-12-29,13.800000190734863,13.800000190734863,12.5,12.600000381469727,12.600000381469727,20270,2020-12-29
2020-12-30,12.399999618530273,12.899999618530273,12.399999618530273,12.600000381469727,12.600000381469727,10590,2020-12-30
2020-12-31,12.899999618530273,12.899999618530273,12.100000381469727,12.300000190734863,12.300000190734863,19110,2020-12-31
2021-01-04,13.100000381469727,13.100000381469727,12.199999809265137,12.5,12.5,15270,2021-01-04
2021-01-05,12.600000381469727,12.800000190734863,12.300000190734863,12.600000381469727,12.600000381469727,13020,2021-01-05
2021-01-06,12.800000190734863,13.399999618530273,12.600000381469727,13.0,13.0,22820,2021-01-06
2021-01-07,13.399999618530273,13.5,12.800000190734863,13.0,13.0,13550,2021-01-07
2021-01-08,13.5,13.5,13.100000381469727,13.399999618530273,13.399999618530273,9120,2021-01-08
2021-01-11,13.5,13.600000381469727,13.100000381469727,13.100000381469727,13.100000381469727,9090,2021-01-11
2021-01-12,13.300000190734863,15.399999618530273,13.199999809265137,15.300000190734863,15.300000190734863,677860,2021-01-12
2021-01-13,17.5,19.200000762939453,15.100000381469727,15.399999618530273,15.399999618530273,884370,2021-01-13
2021-01-14,14.800000190734863,16.799999237060547,14.5,15.199999809265137,15.199999809265137,394320,2021-01-14
2021-01-15,15.0,15.300000190734863,14.5,15.300000190734863,15.300000190734863,51110,2021-01-15
2021-01-19,14.699999809265137,15.300000190734863,14.399999618530273,14.800000190734863,14.800000190734863,48440,2021-01-19
2021-01-20,15.100000381469727,16.299999237060547,14.899999618530273,15.300000190734863,15.300000190734863,45600,2021-01-20
2021-01-21,15.399999618530273,16.0,15.100000381469727,15.5,15.5,32680,2021-01-21
2021-01-22,15.5,15.899999618530273,15.199999809265137,15.800000190734863,15.800000190734863,29240,2021-01-22
2021-01-25,15.800000190734863,15.800000190734863,14.5,14.800000190734863,14.800000190734863,48070,2021-01-25
2021-01-26,14.699999809265137,16.0,14.699999809265137,14.899999618530273,14.899999618530273,36180,2021-01-26
2021-01-27,15.0,15.0,13.699999809265137,14.0,14.0,43390,2021-01-27
2021-01-28,13.800000190734863,15.199999809265137,12.899999618530273,14.800000190734863,14.800000190734863,96890,2021-01-28
2021-01-29,13.800000190734863,14.399999618530273,13.600000381469727,13.899999618530273,13.899999618530273,32160,2021-01-29
2021-02-01,15.100000381469727,15.600000381469727,14.0,14.399999618530273,14.399999618530273,61720,2021-02-01
2021-02-02,15.0,17.5,14.800000190734863,15.5,15.5,212920,2021-02-02
2021-02-03,15.100000381469727,16.399999618530273,15.100000381469727,15.399999618530273,15.399999618530273,134930,2021-02-03
2021-02-04,15.600000381469727,17.799999237060547,15.5,17.299999237060547,17.299999237060547,178830,2021-02-04
2021-02-05,16.899999618530273,18.0,16.200000762939453,17.399999618530273,17.399999618530273,69050,2021-02-05
2021-02-08,18.299999237060547,18.299999237060547,16.5,17.899999618530273,17.899999618530273,97250,2021-02-08
2021-02-09,18.799999237060547,19.700000762939453,17.899999618530273,19.299999237060547,19.299999237060547,169440,2021-02-09
2021-02-10,19.799999237060547,21.799999237060547,19.299999237060547,19.5,19.5,293770,2021-02-10
2021-02-11,20.0,20.799999237060547,18.200000762939453,18.799999237060547,18.799999237060547,135410,2021-02-11
2021-02-12,18.5,18.700000762939453,17.399999618530273,18.5,18.5,79100,2021-02-12
2021-02-16,18.799999237060547,24.600000381469727,18.5,20.0,20.0,492960,2021-02-16
2021-02-17,20.399999618530273,21.700000762939453,19.100000381469727,20.299999237060547,20.299999237060547,258590,2021-02-17
2021-02-18,20.5,20.799999237060547,19.100000381469727,20.5,20.5,166170,2021-02-18
2021-02-19,20.399999618530273,21.200000762939453,19.0,20.0,20.0,129560,2021-02-19
2021-02-22,19.5,19.799999237060547,18.5,18.700000762939453,18.700000762939453,122020,2021-02-22
2021-02-23,16.0,16.700000762939453,14.800000190734863,16.299999237060547,16.299999237060547,136250,2021-02-23
2021-02-24,16.700000762939453,17.700000762939453,16.5,17.0,17.0,39990,2021-02-24
2021-02-25,16.5,17.0,15.100000381469727,15.399999618530273,15.399999618530273,62770,2021-02-25
2021-02-26,15.600000381469727,15.699999809265137,14.699999809265137,15.399999618530273,15.399999618530273,41340,2021-02-26
2021-03-01,15.5,17.100000381469727,15.199999809265137,16.899999618530273,16.899999618530273,66360,2021-03-01
2021-03-02,16.700000762939453,16.799999237060547,15.899999618530273,16.100000381469727,16.100000381469727,50210,2021-03-02
2021-03-03,15.699999809265137,16.5,15.5,15.699999809265137,15.699999809265137,25460,2021-03-03
2021-03-04,15.600000381469727,15.699999809265137,13.699999809265137,14.399999618530273,14.399999618530273,63340,2021-03-04
2021-03-05,14.600000381469727,15.0,13.0,14.800000190734863,14.800000190734863,36560,2021-03-05
2021-03-08,14.699999809265137,15.5,14.600000381469727,15.199999809265137,15.199999809265137,34060,2021-03-08
2021-03-09,15.899999618530273,15.899999618530273,14.199999809265137,14.300000190734863,14.300000190734863,62330,2021-03-09
2021-03-10,14.5,15.699999809265137,14.0,15.100000381469727,15.100000381469727,61170,2021-03-10
2021-03-11,15.300000190734863,16.200000762939453,14.600000381469727,15.100000381469727,15.100000381469727,81510,2021-03-11
2021-03-12,15.0,15.300000190734863,14.5,15.300000190734863,15.300000190734863,22890,2021-03-12
2021-03-15,15.399999618530273,17.399999618530273,15.300000190734863,17.100000381469727,17.100000381469727,64510,2021-03-15
2021-03-16,16.700000762939453,17.200000762939453,15.5,15.600000381469727,15.600000381469727,43630,2021-03-16
2021-03-17,15.199999809265137,17.100000381469727,15.199999809265137,16.600000381469727,16.600000381469727,62340,2021-03-17
2021-03-18,16.100000381469727,16.5,15.399999618530273,15.600000381469727,15.600000381469727,26150,2021-03-18
2021-03-19,15.5,15.699999809265137,14.800000190734863,15.699999809265137,15.699999809265137,37690,2021-03-19
2021-03-22,15.899999618530273,16.200000762939453,15.0,15.100000381469727,15.100000381469727,22000,2021-03-22
2021-03-23,15.5,15.5,13.800000190734863,13.800000190734863,13.800000190734863,40100,2021-03-23
2021-03-24,14.199999809265137,14.899999618530273,13.699999809265137,13.899999618530273,13.899999618530273,27880,2021-03-24
2021-03-25,13.899999618530273,14.300000190734863,13.100000381469727,14.300000190734863,14.300000190734863,17580,2021-03-25
2021-03-26,14.199999809265137,14.5,13.699999809265137,14.199999809265137,14.199999809265137,14550,2021-03-26
2021-03-29,14.199999809265137,14.199999809265137,13.300000190734863,13.5,13.5,14870,2021-03-29
2021-03-30,13.5,13.800000190734863,13.0,13.699999809265137,13.699999809265137,18060,2021-03-30
2021-03-31,14.0,15.899999618530273,13.5,14.699999809265137,14.699999809265137,151380,2021-03-31
2021-04-01,14.100000381469727,14.5,13.899999618530273,14.100000381469727,14.100000381469727,24020,2021-04-01
2021-04-05,14.399999618530273,14.399999618530273,13.800000190734863,13.899999618530273,13.899999618530273,12790,2021-04-05
2021-04-06,14.300000190734863,19.600000381469727,14.300000190734863,16.0,16.0,1860880,2021-04-06
2021-04-07,15.5,15.800000190734863,14.199999809265137,14.399999618530273,14.399999618530273,184600,2021-04-07
2021-04-08,14.100000381469727,14.399999618530273,13.800000190734863,14.0,14.0,56620,2021-04-08
2021-04-09,14.300000190734863,14.300000190734863,13.399999618530273,13.5,13.5,61670,2021-04-09
2021-04-12,13.5,13.699999809265137,12.699999809265137,13.199999809265137,13.199999809265137,73470,2021-04-12
2021-04-13,12.899999618530273,13.0,12.5,13.0,13.0,45720,2021-04-13
2021-04-14,12.699999809265137,13.399999618530273,12.5,12.5,12.5,37900,2021-04-14
2021-04-15,12.699999809265137,12.699999809265137,12.0,12.0,12.0,46550,2021-04-15
2021-04-16,12.0,12.399999618530273,11.699999809265137,12.100000381469727,12.100000381469727,40090,2021-04-16
2021-04-19,12.199999809265137,12.399999618530273,11.699999809265137,12.300000190734863,12.300000190734863,25930,2021-04-19
2021-04-20,12.300000190734863,12.300000190734863,11.699999809265137,11.800000190734863,11.800000190734863,35330,2021-04-20
2021-04-21,11.800000190734863,12.600000381469727,11.5,12.300000190734863,12.300000190734863,28230,2021-04-21
2021-04-22,12.399999618530273,12.699999809265137,12.0,12.100000381469727,12.100000381469727,18770,2021-04-22
2021-04-23,12.399999618530273,13.399999618530273,11.899999618530273,13.100000381469727,13.100000381469727,37050,2021-04-23
2021-04-26,13.199999809265137,13.600000381469727,12.800000190734863,13.600000381469727,13.600000381469727,35830,2021-04-26
2021-04-27,13.199999809265137,13.5,13.0,13.300000190734863,13.300000190734863,17080,2021-04-27
2021-04-28,13.300000190734863,13.699999809265137,13.300000190734863,13.600000381469727,13.600000381469727,17430,2021-04-28
2021-04-29,13.699999809265137,13.699999809265137,13.100000381469727,13.399999618530273,13.399999618530273,14390,2021-04-29
2021-04-30,13.100000381469727,13.800000190734863,13.100000381469727,13.199999809265137,13.199999809265137,15260,2021-04-30
2021-05-03,13.199999809265137,13.399999618530273,12.800000190734863,13.0,13.0,9090,2021-05-03
2021-05-04,12.800000190734863,13.399999618530273,12.300000190734863,13.100000381469727,13.100000381469727,20390,2021-05-04
2021-05-05,13.0,13.399999618530273,12.800000190734863,13.199999809265137,13.199999809265137,14980,2021-05-05
2021-05-06,13.199999809265137,13.300000190734863,12.699999809265137,12.699999809265137,12.699999809265137,21960,2021-05-06
2021-05-07,13.100000381469727,13.5,12.800000190734863,13.300000190734863,13.300000190734863,10650,2021-05-07
2021-05-10,13.399999618530273,13.399999618530273,12.199999809265137,12.600000381469727,12.600000381469727,24660,2021-05-10
2021-05-11,11.600000381469727,12.399999618530273,11.5,11.699999809265137,11.699999809265137,51850,2021-05-11
2021-05-12,11.600000381469727,12.0,10.800000190734863,11.5,11.5,41940,2021-05-12
2021-05-13,11.199999809265137,11.600000381469727,11.199999809265137,11.300000190734863,11.300000190734863,20500,2021-05-13
2021-05-14,11.199999809265137,11.5,11.0,11.0,11.0,23980,2021-05-14
2021-05-17,10.899999618530273,11.199999809265137,10.600000381469727,11.0,11.0,13350,2021-05-17
2021-05-18,10.600000381469727,11.699999809265137,10.600000381469727,11.399999618530273,11.399999618530273,28270,2021-05-18
2021-05-19,11.699999809265137,12.300000190734863,11.5,12.199999809265137,12.199999809265137,17990,2021-05-19
2021-05-20,12.399999618530273,12.5,11.800000190734863,12.300000190734863,12.300000190734863,11620,2021-05-20
2021-05-21,12.199999809265137,12.399999618530273,11.800000190734863,12.199999809265137,12.199999809265137,9140,2021-05-21
2021-05-24,12.5,12.800000190734863,11.899999618530273,12.0,12.0,41040,2021-05-24
2021-05-25,12.0,12.199999809265137,11.600000381469727,11.899999618530273,11.899999618530273,10510,2021-05-25
2021-05-26,12.0,12.199999809265137,11.699999809265137,12.100000381469727,12.100000381469727,12740,2021-05-26
2021-05-27,12.100000381469727,12.5,11.899999618530273,12.5,12.5,16540,2021-05-27
2021-05-28,12.5,12.899999618530273,12.300000190734863,12.5,12.5,14940,2021-05-28
2021-06-01,12.5,12.800000190734863,12.300000190734863,12.300000190734863,12.300000190734863,12450,2021-06-01
2021-06-02,12.899999618530273,12.899999618530273,12.199999809265137,12.300000190734863,12.300000190734863,11560,2021-06-02
2021-06-03,12.0,12.699999809265137,11.800000190734863,12.5,12.5,14110,2021-06-03
2021-06-04,12.5,12.5,12.100000381469727,12.399999618530273,12.399999618530273,5390,2021-06-04
2021-06-07,12.5,12.600000381469727,12.300000190734863,12.600000381469727,12.600000381469727,7770,2021-06-07
2021-06-08,12.800000190734863,13.0,12.5,12.699999809265137,12.699999809265137,18110,2021-06-08
2021-06-09,12.699999809265137,13.0,12.300000190734863,12.300000190734863,12.300000190734863,10790,2021-06-09
2021-06-10,12.399999618530273,12.699999809265137,12.199999809265137,12.5,12.5,9720,2021-06-10
2021-06-11,12.800000190734863,12.899999618530273,12.399999618530273,12.699999809265137,12.699999809265137,12250,2021-06-11
2021-06-14,12.699999809265137,13.199999809265137,12.5,12.5,12.5,29610,2021-06-14
2021-06-15,12.5,12.800000190734863,12.0,12.0,12.0,9150,2021-06-15
2021-06-16,12.100000381469727,12.600000381469727,11.800000190734863,11.800000190734863,11.800000190734863,9950,2021-06-16
2021-06-17,11.800000190734863,12.800000190734863,11.800000190734863,12.300000190734863,12.300000190734863,15550,2021-06-17
2021-06-18,12.0,12.199999809265137,11.899999618530273,12.199999809265137,12.199999809265137,6420,2021-06-18
2021-06-21,11.899999618530273,12.199999809265137,11.699999809265137,11.899999618530273,11.899999618530273,14000,2021-06-21
2021-06-22,11.899999618530273,12.0,11.699999809265137,11.899999618530273,11.899999618530273,7980,2021-06-22
2021-06-23,12.199999809265137,12.300000190734863,11.800000190734863,12.199999809265137,12.199999809265137,8760,2021-06-23
2021-06-24,12.199999809265137,12.300000190734863,11.899999618530273,12.0,12.0,12620,2021-06-24
2021-06-25,12.0,12.699999809265137,12.0,12.699999809265137,12.699999809265137,22600,2021-06-25
2021-06-28,12.0,12.699999809265137,12.0,12.600000381469727,12.600000381469727,13690,2021-06-28
2021-06-29,12.800000190734863,13.199999809265137,12.800000190734863,13.199999809265137,13.199999809265137,39600,2021-06-29
2021-06-30,13.899999618530273,14.199999809265137,12.600000381469727,13.0,13.0,88160,2021-06-30
2021-07-01,12.5,13.0,12.399999618530273,12.600000381469727,12.600000381469727,21720,2021-07-01
2021-07-02,12.600000381469727,12.699999809265137,12.5,12.5,12.5,12190,2021-07-02
2021-07-06,14.399999618530273,14.399999618530273,12.800000190734863,13.5,13.5,264010,2021-07-06
2021-07-07,13.199999809265137,13.600000381469727,12.5,13.0,13.0,46830,2021-07-07
2021-07-08,12.5,13.5,12.5,13.199999809265137,13.199999809265137,33970,2021-07-08
2021-07-09,12.899999618530273,13.5,12.899999618530273,13.5,13.5,22300,2021-07-09
2021-07-12,13.699999809265137,14.100000381469727,13.5,14.0,14.0,56040,2021-07-12
2021-07-13,14.300000190734863,14.300000190734863,13.100000381469727,13.399999618530273,13.399999618530273,21760,2021-07-13
2021-07-14,13.399999618530273,13.600000381469727,12.5,12.5,12.5,32720,2021-07-14
2021-07-15,12.300000190734863,13.0,12.300000190734863,12.600000381469727,12.600000381469727,15630,2021-07-15
2021-07-16,12.600000381469727,12.800000190734863,12.5,12.5,12.5,13160,2021-07-16
2021-07-19,12.0,12.300000190734863,11.199999809265137,12.100000381469727,12.100000381469727,47470,2021-07-19
2021-07-20,12.199999809265137,12.899999618530273,12.100000381469727,12.600000381469727,12.600000381469727,14320,2021-07-20
2021-07-21,12.699999809265137,13.0,12.5,12.800000190734863,12.800000190734863,20120,2021-07-21
2021-07-22,13.0,13.100000381469727,12.600000381469727,12.899999618530273,12.899999618530273,6250,2021-07-22
2021-07-23,12.800000190734863,13.0,12.5,12.5,12.5,10790,2021-07-23
2021-07-26,12.699999809265137,12.699999809265137,12.300000190734863,12.300000190734863,12.300000190734863,10160,2021-07-26
2021-07-27,12.600000381469727,12.600000381469727,11.800000190734863,12.399999618530273,12.399999618530273,38490,2021-07-27
2021-07-28,12.300000190734863,12.699999809265137,12.199999809265137,12.5,12.5,5480,2021-07-28
2021-07-29,12.399999618530273,12.699999809265137,12.399999618530273,12.5,12.5,12130,2021-07-29
2021-07-30,12.5,12.600000381469727,12.100000381469727,12.199999809265137,12.199999809265137,9180,2021-07-30
2021-08-02,12.100000381469727,12.5,12.0,12.5,12.5,8950,2021-08-02
2021-08-03,12.5,12.5,12.199999809265137,12.5,12.5,8620,2021-08-03
2021-08-04,12.5,13.600000381469727,12.300000190734863,12.600000381469727,12.600000381469727,74830,2021-08-04
2021-08-05,12.399999618530273,12.800000190734863,12.199999809265137,12.600000381469727,12.600000381469727,14950,2021-08-05
2021-08-06,12.5,13.199999809265137,12.199999809265137,12.300000190734863,12.300000190734863,30950,2021-08-06
2021-08-09,12.399999618530273,12.899999618530273,12.300000190734863,12.899999618530273,12.899999618530273,12250,2021-08-09
2021-08-10,13.0,13.100000381469727,12.399999618530273,13.0,13.0,15860,2021-08-10
2021-08-11,13.300000190734863,13.300000190734863,12.899999618530273,13.0,13.0,14150,2021-08-11
2021-08-12,13.0,13.100000381469727,12.699999809265137,12.699999809265137,12.699999809265137,8070,2021-08-12
2021-08-13,12.699999809265137,13.100000381469727,12.5,12.5,12.5,12910,2021-08-13
2021-08-16,12.5,12.800000190734863,11.699999809265137,11.899999618530273,11.899999618530273,21180,2021-08-16
2021-08-17,11.800000190734863,12.100000381469727,11.5,12.0,12.0,17940,2021-08-17
2021-08-18,12.0,12.300000190734863,12.0,12.0,12.0,7910,2021-08-18
2021-08-19,12.0,12.300000190734863,11.5,11.5,11.5,14830,2021-08-19
2021-08-20,11.699999809265137,11.899999618530273,11.5,11.800000190734863,11.800000190734863,12300,2021-08-20
2021-08-23,11.800000190734863,11.899999618530273,11.600000381469727,11.699999809265137,11.699999809265137,12950,2021-08-23
2021-08-24,11.699999809265137,12.100000381469727,11.699999809265137,12.0,12.0,8570,2021-08-24
2021-08-25,12.0,12.300000190734863,11.5,12.0,12.0,13080,2021-08-25
2021-08-26,11.899999618530273,13.399999618530273,11.899999618530273,12.899999618530273,12.899999618530273,152790,2021-08-26
2021-08-27,12.600000381469727,13.0,11.800000190734863,12.300000190734863,12.300000190734863,39210,2021-08-27
2021-08-30,12.399999618530273,12.399999618530273,12.0,12.100000381469727,12.100000381469727,16540,2021-08-30
2021-08-31,12.100000381469727,12.300000190734863,11.600000381469727,11.899999618530273,11.899999618530273,28040,2021-08-31
2021-09-01,12.0,12.199999809265137,11.699999809265137,12.100000381469727,12.100000381469727,20230,2021-09-01
2021-09-02,11.899999618530273,12.300000190734863,11.800000190734863,11.899999618530273,11.899999618530273,27480,2021-09-02
2021-09-03,12.100000381469727,12.399999618530273,12.0,12.100000381469727,12.100000381469727,13310,2021-09-03
2021-09-07,12.100000381469727,12.199999809265137,11.800000190734863,11.899999618530273,11.899999618530273,6010,2021-09-07
2021-09-08,11.800000190734863,12.0,11.600000381469727,11.600000381469727,11.600000381469727,13600,2021-09-08
2021-09-09,11.699999809265137,11.800000190734863,11.399999618530273,11.600000381469727,11.600000381469727,18850,2021-09-09
2021-09-10,11.600000381469727,11.699999809265137,11.199999809265137,11.399999618530273,11.399999618530273,14510,2021-09-10
2021-09-13,11.100000381469727,11.600000381469727,11.100000381469727,11.199999809265137,11.199999809265137,12650,2021-09-13
2021-09-14,11.399999618530273,11.5,11.100000381469727,11.300000190734863,11.300000190734863,11930,2021-09-14
2021-09-15,11.100000381469727,11.300000190734863,11.100000381469727,11.300000190734863,11.300000190734863,11220,2021-09-15
2021-09-16,11.199999809265137,11.399999618530273,10.800000190734863,11.0,11.0,19390,2021-09-16
2021-09-17,11.0,11.100000381469727,10.800000190734863,11.0,11.0,27920,2021-09-17
2021-09-20,10.5,10.899999618530273,10.300000190734863,10.699999809265137,10.699999809265137,20950,2021-09-20
2021-09-21,10.699999809265137,10.800000190734863,10.5,10.5,10.5,7160,2021-09-21
2021-09-22,10.5,10.899999618530273,10.5,10.600000381469727,10.600000381469727,10570,2021-09-22
2021-09-23,10.600000381469727,10.899999618530273,10.5,10.899999618530273,10.899999618530273,11570,2021-09-23
2021-09-24,10.5,11.300000190734863,10.5,11.100000381469727,11.100000381469727,14150,2021-09-24
2021-09-27,11.100000381469727,12.300000190734863,11.0,11.699999809265137,11.699999809265137,69110,2021-09-27
2021-09-28,12.0,12.0,10.399999618530273,10.699999809265137,10.699999809265137,66830,2021-09-28
2021-09-29,10.800000190734863,10.899999618530273,10.699999809265137,10.800000190734863,10.800000190734863,18020,2021-09-29
2021-09-30,10.699999809265137,10.800000190734863,10.399999618530273,10.699999809265137,10.699999809265137,21820,2021-09-30
2021-10-01,10.300000190734863,10.699999809265137,10.300000190734863,10.5,10.5,12700,2021-10-01
2021-10-04,10.699999809265137,10.699999809265137,10.199999809265137,10.199999809265137,10.199999809265137,12690,2021-10-04
2021-10-05,10.199999809265137,10.300000190734863,9.899999618530273,10.199999809265137,10.199999809265137,24620,2021-10-05
2021-10-06,10.0,10.199999809265137,9.800000190734863,10.0,10.0,12190,2021-10-06
2021-10-07,10.0,10.300000190734863,9.899999618530273,10.199999809265137,10.199999809265137,17420,2021-10-07
2021-10-08,10.199999809265137,10.399999618530273,10.100000381469727,10.300000190734863,10.300000190734863,15640,2021-10-08
2021-10-11,10.199999809265137,10.5,10.199999809265137,10.399999618530273,10.399999618530273,8290,2021-10-11
2021-10-12,10.300000190734863,10.600000381469727,10.0,10.199999809265137,10.199999809265137,10120,2021-10-12
2021-10-13,10.300000190734863,10.600000381469727,10.100000381469727,10.300000190734863,10.300000190734863,18290,2021-10-13
2021-10-14,10.5,10.600000381469727,10.300000190734863,10.399999618530273,10.399999618530273,335870,2021-10-14
2021-10-15,12.0,13.0,10.800000190734863,11.399999618530273,11.399999618530273,1553080,2021-10-15
2021-10-18,11.300000190734863,11.399999618530273,10.399999618530273,10.899999618530273,10.899999618530273,353780,2021-10-18
2021-10-19,10.5,10.600000381469727,10.300000190734863,10.5,10.5,59450,2021-10-19
2021-10-20,10.600000381469727,10.699999809265137,10.300000190734863,10.600000381469727,10.600000381469727,45210,2021-10-20
2021-10-21,10.399999618530273,10.5,10.199999809265137,10.199999809265137,10.199999809265137,29260,2021-10-21
2021-10-22,10.199999809265137,10.300000190734863,10.0,10.199999809265137,10.199999809265137,30490,2021-10-22
2021-10-25,10.399999618530273,10.399999618530273,9.800000190734863,10.100000381469727,10.100000381469727,42750,2021-10-25
2021-10-26,10.0,10.100000381469727,9.899999618530273,10.100000381469727,10.100000381469727,23980,2021-10-26
2021-10-27,9.899999618530273,10.300000190734863,9.800000190734863,10.0,10.0,24610,2021-10-27
2021-10-28,10.0,10.800000190734863,10.0,10.600000381469727,10.600000381469727,58770,2021-10-28
2021-10-29,10.5,10.899999618530273,10.399999618530273,10.399999618530273,10.399999618530273,19750,2021-10-29
2021-11-01,10.300000190734863,10.699999809265137,10.300000190734863,10.600000381469727,10.600000381469727,23880,2021-11-01
2021-11-02,10.699999809265137,11.0,10.5,10.800000190734863,10.800000190734863,30320,2021-11-02
2021-11-03,10.899999618530273,11.300000190734863,10.399999618530273,10.899999618530273,10.899999618530273,46860,2021-11-03
2021-11-04,10.800000190734863,10.800000190734863,10.5,10.5,10.5,16750,2021-11-04
2021-11-05,10.600000381469727,11.0,10.600000381469727,10.899999618530273,10.899999618530273,12570,2021-11-05
2021-11-08,10.600000381469727,10.699999809265137,10.5,10.600000381469727,10.600000381469727,18500,2021-11-08
2021-11-09,10.699999809265137,10.699999809265137,10.399999618530273,10.600000381469727,10.600000381469727,10410,2021-11-09
2021-11-10,10.5,10.600000381469727,10.0,10.399999618530273,10.399999618530273,16850,2021-11-10
2021-11-11,10.600000381469727,10.600000381469727,10.199999809265137,10.199999809265137,10.199999809265137,11240,2021-11-11
2021-11-12,10.199999809265137,10.5,10.199999809265137,10.399999618530273,10.399999618530273,18500,2021-11-12
2021-11-15,10.5,10.800000190734863,10.399999618530273,10.600000381469727,10.600000381469727,139660,2021-11-15
2021-11-16,10.5,10.699999809265137,10.199999809265137,10.399999618530273,10.399999618530273,37700,2021-11-16
2021-11-17,10.300000190734863,11.0,10.199999809265137,10.699999809265137,10.699999809265137,23440,2021-11-17
2021-11-18,10.699999809265137,10.699999809265137,10.100000381469727,10.5,10.5,15940,2021-11-18
2021-11-19,10.399999618530273,10.699999809265137,10.300000190734863,10.399999618530273,10.399999618530273,12360,2021-11-19
2021-11-22,10.399999618530273,10.5,10.100000381469727,10.300000190734863,10.300000190734863,23650,2021-11-22
2021-11-23,10.300000190734863,10.5,10.100000381469727,10.100000381469727,10.100000381469727,11870,2021-11-23
2021-11-24,10.100000381469727,10.300000190734863,10.0,10.199999809265137,10.199999809265137,16130,2021-11-24
2021-11-26,10.0,10.100000381469727,9.899999618530273,10.100000381469727,10.100000381469727,12980,2021-11-26
2021-11-29,10.399999618530273,10.399999618530273,9.800000190734863,9.899999618530273,9.899999618530273,17010,2021-11-29
2021-11-30,9.899999618530273,10.0,9.600000381469727,9.899999618530273,9.899999618530273,14790,2021-11-30
2021-12-01,10.100000381469727,10.300000190734863,9.100000381469727,9.100000381469727,9.100000381469727,16420,2021-12-01
2021-12-02,9.300000190734863,9.800000190734863,9.199999809265137,9.699999809265137,9.699999809265137,6810,2021-12-02
2021-12-03,9.699999809265137,9.699999809265137,9.100000381469727,9.300000190734863,9.300000190734863,20790,2021-12-03
2021-12-06,9.199999809265137,9.600000381469727,9.199999809265137,9.399999618530273,9.399999618530273,10130,2021-12-06
2021-12-07,9.399999618530273,9.899999618530273,9.300000190734863,9.899999618530273,9.899999618530273,14560,2021-12-07
2021-12-08,9.899999618530273,10.300000190734863,9.699999809265137,10.100000381469727,10.100000381469727,16570,2021-12-08
2021-12-09,9.899999618530273,10.100000381469727,9.899999618530273,9.899999618530273,9.899999618530273,8440,2021-12-09
2021-12-10,9.800000190734863,9.899999618530273,9.699999809265137,9.800000190734863,9.800000190734863,3310,2021-12-10
2021-12-13,9.800000190734863,9.800000190734863,9.199999809265137,9.5,9.5,15500,2021-12-13
2021-12-14,9.5,9.600000381469727,9.399999618530273,9.5,9.5,10330,2021-12-14
2021-12-15,9.5,9.600000381469727,9.300000190734863,9.5,9.5,11790,2021-12-15
2021-12-16,9.600000381469727,9.699999809265137,9.5,9.699999809265137,9.699999809265137,8960,2021-12-16
2021-12-17,9.800000190734863,9.800000190734863,9.5,9.600000381469727,9.600000381469727,6630,2021-12-17
2021-12-20,9.5,9.5,9.100000381469727,9.399999618530273,9.399999618530273,13440,2021-12-20
2021-12-21,9.300000190734863,9.399999618530273,9.0,9.199999809265137,9.199999809265137,23340,2021-12-21
2021-12-22,9.100000381469727,9.399999618530273,9.100000381469727,9.199999809265137,9.199999809265137,7790,2021-12-22
2021-12-23,9.199999809265137,9.5,9.100000381469727,9.399999618530273,9.399999618530273,9380,2021-12-23
2021-12-27,9.100000381469727,9.399999618530273,9.100000381469727,9.399999618530273,9.399999618530273,11080,2021-12-27
2021-12-28,9.300000190734863,9.5,9.300000190734863,9.399999618530273,9.399999618530273,7180,2021-12-28
2021-12-29,9.399999618530273,9.399999618530273,9.100000381469727,9.100000381469727,9.100000381469727,4430,2021-12-29
2021-12-30,9.300000190734863,9.300000190734863,9.100000381469727,9.100000381469727,9.100000381469727,17510,2021-12-30
2021-12-31,9.199999809265137,9.300000190734863,9.100000381469727,9.100000381469727,9.100000381469727,14190,2021-12-31
