Date,Open,High,Low,Close,Adj Close,Volume,Date
2020-01-02,48.060001373291016,48.41999816894531,47.880001068115234,48.41999816894531,46.12153244018555,16708100,2020-01-02
2020-01-03,47.90999984741211,48.13999938964844,47.47999954223633,47.630001068115234,45.3690299987793,15577400,2020-01-03
2020-01-06,47.13999938964844,47.81999969482422,47.0099983215332,47.79999923706055,45.53096008300781,22183600,2020-01-06
2020-01-07,47.720001220703125,47.720001220703125,47.099998474121094,47.4900016784668,45.23567581176758,16501900,2020-01-07
2020-01-08,46.970001220703125,47.790000915527344,46.810001373291016,47.52000045776367,45.26425552368164,25175900,2020-01-08
2020-01-09,47.790000915527344,47.880001068115234,47.06999969482422,47.31999969482422,45.07374572753906,18203600,2020-01-09
2020-01-10,47.47999954223633,47.560001373291016,47.060001373291016,47.130001068115234,44.89276885986328,13502600,2020-01-10
2020-01-13,47.310001373291016,47.97999954223633,47.29999923706055,47.970001220703125,45.69289016723633,18237400,2020-01-13
2020-01-14,47.959999084472656,47.9900016784668,47.619998931884766,47.790000915527344,45.52144241333008,17948700,2020-01-14
2020-01-15,47.91999816894531,48.400001525878906,47.7599983215332,48.0099983215332,45.73099136352539,16289400,2020-01-15
2020-01-16,48.380001068115234,49.08000183105469,48.22999954223633,49.04999923706055,46.72162628173828,20094900,2020-01-16
2020-01-17,49.310001373291016,49.540000915527344,48.869998931884766,49.02000045776367,46.69304656982422,27176200,2020-01-17
2020-01-21,48.959999084472656,49.20000076293945,48.66999816894531,48.79999923706055,46.483489990234375,21771800,2020-01-21
2020-01-22,49.279998779296875,49.529998779296875,49.040000915527344,49.06999969482422,46.74067687988281,15186000,2020-01-22
2020-01-23,49.0,49.18000030517578,48.40999984741211,49.0,46.67399597167969,16767700,2020-01-23
2020-01-24,49.220001220703125,49.47999954223633,48.540000915527344,48.849998474121094,46.53112030029297,14066700,2020-01-24
2020-01-27,47.88999938964844,48.06999969482422,47.27000045776367,47.470001220703125,45.21662521362305,20666000,2020-01-27
2020-01-28,47.52000045776367,47.970001220703125,47.5,47.77000045776367,45.502384185791016,14035100,2020-01-28
2020-01-29,47.970001220703125,47.97999954223633,46.93000030517578,47.04999923706055,44.81656265258789,14273600,2020-01-29
2020-01-30,46.540000915527344,47.27000045776367,46.2599983215332,47.2400016784668,44.9975471496582,14822600,2020-01-30
2020-01-31,46.9900016784668,47.0,45.84000015258789,45.970001220703125,43.7878303527832,20069900,2020-01-31
2020-02-03,46.400001525878906,46.83000183105469,46.209999084472656,46.529998779296875,44.32123947143555,15374900,2020-02-03
2020-02-04,47.220001220703125,47.709999084472656,47.11000061035156,47.619998931884766,45.3595085144043,13947300,2020-02-04
2020-02-05,48.33000183105469,48.599998474121094,48.150001525878906,48.45000076293945,46.15010452270508,17042300,2020-02-05
2020-02-06,48.689998626708984,48.81999969482422,48.220001220703125,48.689998626708984,46.37871551513672,9814800,2020-02-06
2020-02-07,48.599998474121094,48.77000045776367,47.869998931884766,47.970001220703125,45.69289016723633,16807500,2020-02-07
2020-02-10,47.9900016784668,48.88999938964844,47.880001068115234,48.869998931884766,46.5501708984375,19012700,2020-02-10
2020-02-11,49.38999938964844,49.709999084472656,48.86000061035156,49.130001068115234,46.797828674316406,23168300,2020-02-11
2020-02-12,49.43000030517578,50.279998779296875,49.400001525878906,49.93000030517578,47.559852600097656,31686200,2020-02-12
2020-02-13,47.150001525878906,47.66999816894531,46.58000183105469,47.31999969482422,45.07374572753906,47044700,2020-02-13
2020-02-14,47.15999984741211,47.220001220703125,46.47999954223633,46.970001220703125,44.740360260009766,26747200,2020-02-14
2020-02-18,46.81999969482422,46.849998474121094,46.290000915527344,46.59000015258789,44.37839889526367,18546300,2020-02-18
2020-02-19,46.689998626708984,46.810001373291016,45.900001525878906,46.290000915527344,44.09264373779297,27626400,2020-02-19
2020-02-20,46.09000015258789,46.959999084472656,45.900001525878906,46.849998474121094,44.62605285644531,20416700,2020-02-20
2020-02-21,46.72999954223633,46.849998474121094,46.04999923706055,46.29999923706055,44.10216522216797,20028700,2020-02-21
2020-02-24,45.0,45.68000030517578,44.0,44.0,41.911346435546875,35295900,2020-02-24
2020-02-25,44.04999923706055,44.209999084472656,42.06999969482422,42.7400016784668,40.711158752441406,48024700,2020-02-25
2020-02-26,42.970001220703125,43.380001068115234,41.939998626708984,42.15999984741211,40.158687591552734,38513200,2020-02-26
2020-02-27,41.279998779296875,42.099998474121094,40.0099983215332,40.040000915527344,38.13932418823242,51442900,2020-02-27
2020-02-28,38.70000076293945,40.54999923706055,38.349998474121094,39.93000030517578,38.0345458984375,80188000,2020-02-28
2020-03-02,40.150001525878906,41.189998626708984,38.91999816894531,41.16999816894531,39.21567916870117,48864300,2020-03-02
2020-03-03,41.2599983215332,41.900001525878906,39.709999084472656,40.040000915527344,38.13932418823242,49294700,2020-03-03
2020-03-04,40.720001220703125,41.45000076293945,39.79999923706055,41.38999938964844,39.42523956298828,30022100,2020-03-04
2020-03-05,40.16999816894531,40.5099983215332,39.290000915527344,39.56999969482422,37.69163513183594,30255900,2020-03-05
2020-03-06,38.0,39.95000076293945,37.79999923706055,39.68000030517578,37.796409606933594,48605600,2020-03-06
2020-03-09,36.900001525878906,39.560001373291016,36.290000915527344,37.959999084472656,36.15806198120117,61535300,2020-03-09
2020-03-10,39.25,40.150001525878906,37.869998931884766,40.08000183105469,38.17742919921875,50536500,2020-03-10
2020-03-11,39.02000045776367,39.15999984741211,36.369998931884766,37.04999923706055,35.291255950927734,63594300,2020-03-11
2020-03-12,34.5,35.81999969482422,33.0,33.20000076293945,31.624013900756836,51855300,2020-03-12
2020-03-13,35.18000030517578,37.68000030517578,33.33000183105469,37.63999938964844,35.85325622558594,53859600,2020-03-13
2020-03-16,33.22999954223633,36.9900016784668,32.400001525878906,33.709999084472656,32.109806060791016,44211300,2020-03-16
2020-03-17,34.70000076293945,36.25,33.599998474121094,35.5,33.81483459472656,41572400,2020-03-17
2020-03-18,33.7599983215332,37.709999084472656,33.310001373291016,37.119998931884766,35.357933044433594,56904300,2020-03-18
2020-03-19,37.04999923706055,39.31999969482422,36.150001525878906,37.709999084472656,35.919925689697266,58319700,2020-03-19
2020-03-20,38.27000045776367,38.470001220703125,35.400001525878906,35.599998474121094,33.91008377075195,48582500,2020-03-20
2020-03-23,35.5099983215332,35.81999969482422,33.7400016784668,34.599998474121094,32.957557678222656,39823400,2020-03-23
2020-03-24,36.40999984741211,38.68000030517578,35.540000915527344,38.599998474121094,36.767677307128906,48235600,2020-03-24
2020-03-25,38.650001525878906,39.95000076293945,37.5,37.66999816894531,35.8818244934082,42873900,2020-03-25
2020-03-26,37.970001220703125,40.91999816894531,37.369998931884766,40.58000183105469,38.653690338134766,38473300,2020-03-26
2020-03-27,39.209999084472656,40.150001525878906,38.40999984741211,38.81999969482422,36.977237701416016,31278600,2020-03-27
2020-03-30,39.45000076293945,40.4900016784668,38.959999084472656,40.31999969482422,38.40603256225586,27120300,2020-03-30
2020-03-31,40.130001068115234,40.41999816894531,39.11000061035156,39.310001373291016,37.44397735595703,26014200,2020-03-31
2020-04-01,38.16999816894531,38.86000061035156,37.869998931884766,38.33000183105469,36.510498046875,26790700,2020-04-01
2020-04-02,37.84000015258789,39.95000076293945,37.470001220703125,39.79999923706055,38.27014923095703,28180500,2020-04-02
2020-04-03,39.81999969482422,40.290000915527344,38.540000915527344,39.060001373291016,37.55860137939453,21235200,2020-04-03
2020-04-06,40.459999084472656,41.68000030517578,39.779998779296875,41.43000030517578,39.837501525878906,31641400,2020-04-06
2020-04-07,42.65999984741211,42.7400016784668,40.59000015258789,40.63999938964844,39.07786560058594,30366100,2020-04-07
2020-04-08,41.16999816894531,42.20000076293945,40.869998931884766,41.7400016784668,40.13558578491211,22683500,2020-04-08
2020-04-09,42.09000015258789,42.20000076293945,40.849998474121094,41.20000076293945,39.61634063720703,27643900,2020-04-09
2020-04-13,41.040000915527344,41.459999084472656,40.529998779296875,41.220001220703125,39.63557434082031,19592000,2020-04-13
2020-04-14,41.90999984741211,42.81999969482422,41.529998779296875,42.779998779296875,41.1356086730957,22882400,2020-04-14
2020-04-15,42.20000076293945,42.369998931884766,41.22999954223633,41.52000045776367,39.92404556274414,18428800,2020-04-15
2020-04-16,41.7599983215332,41.790000915527344,40.68000030517578,41.5,39.90481185913086,26178000,2020-04-16
2020-04-17,42.25,42.63999938964844,41.7400016784668,42.47999954223633,40.84714126586914,30701500,2020-04-17
2020-04-20,41.91999816894531,43.290000915527344,41.790000915527344,42.540000915527344,40.90483474731445,23438800,2020-04-20
2020-04-21,41.83000183105469,41.9900016784668,40.40999984741211,40.54999923706055,38.99131774902344,31661000,2020-04-21
2020-04-22,41.27000045776367,42.09000015258789,41.11000061035156,41.7599983215332,40.154815673828125,18330700,2020-04-22
2020-04-23,41.88999938964844,42.54999923706055,41.529998779296875,41.619998931884766,40.020198822021484,16100200,2020-04-23
2020-04-24,41.84000015258789,42.65999984741211,41.650001525878906,42.52000045776367,40.88560485839844,14639200,2020-04-24
2020-04-27,42.70000076293945,43.220001220703125,42.58000183105469,43.060001373291016,41.40484619140625,17937900,2020-04-27
2020-04-28,43.5,43.630001068115234,42.40999984741211,42.4900016784668,40.85676193237305,16427700,2020-04-28
2020-04-29,43.349998474121094,43.47999954223633,42.93000030517578,43.34000015258789,41.67407989501953,17430100,2020-04-29
2020-04-30,43.16999816894531,43.16999816894531,42.16999816894531,42.380001068115234,40.750980377197266,26679900,2020-04-30
2020-05-01,41.720001220703125,41.810001373291016,40.77000045776367,40.91999816894531,39.347103118896484,22095300,2020-05-01
2020-05-04,40.95000076293945,41.40999984741211,40.4900016784668,41.349998474121094,39.76057434082031,15997700,2020-05-04
2020-05-05,41.61000061035156,41.93000030517578,41.38999938964844,41.459999084472656,39.8663444519043,15060200,2020-05-05
2020-05-06,41.560001373291016,41.689998626708984,40.970001220703125,41.150001525878906,39.56826400756836,16040300,2020-05-06
2020-05-07,41.59000015258789,41.77000045776367,41.220001220703125,41.369998931884766,39.77980041503906,20173600,2020-05-07
2020-05-08,42.02000045776367,43.02000045776367,41.70000076293945,42.9900016784668,41.3375358581543,21959100,2020-05-08
2020-05-11,42.779998779296875,43.650001525878906,42.61000061035156,43.31999969482422,41.654850006103516,26182700,2020-05-11
2020-05-12,43.939998626708984,44.29999923706055,43.189998626708984,43.220001220703125,41.55869674682617,25817100,2020-05-12
2020-05-13,43.40999984741211,43.56999969482422,41.310001373291016,41.95000076293945,40.3375129699707,36986700,2020-05-13
2020-05-14,43.43000030517578,44.58000183105469,43.2599983215332,43.849998474121094,42.16447830200195,50417700,2020-05-14
2020-05-15,42.93000030517578,44.380001068115234,42.849998474121094,44.27000045776367,42.56834030151367,30573000,2020-05-15
2020-05-18,45.209999084472656,45.29999923706055,44.33000183105469,45.060001373291016,43.32796859741211,26966500,2020-05-18
2020-05-19,44.83000183105469,44.97999954223633,44.40999984741211,44.61000061035156,42.895267486572266,24345400,2020-05-19
2020-05-20,45.04999923706055,45.81999969482422,45.029998779296875,45.439998626708984,43.693359375,20184500,2020-05-20
2020-05-21,45.45000076293945,45.65999984741211,44.560001373291016,44.63999938964844,42.92411804199219,18674900,2020-05-21
2020-05-22,44.66999816894531,44.95000076293945,44.119998931884766,44.900001525878906,43.17412567138672,12592800,2020-05-22
2020-05-26,45.779998779296875,45.79999923706055,44.68000030517578,44.84000015258789,43.11642837524414,21776900,2020-05-26
2020-05-27,45.040000915527344,45.97999954223633,44.79999923706055,45.959999084472656,44.19337463378906,22157200,2020-05-27
2020-05-28,45.900001525878906,46.459999084472656,45.369998931884766,45.599998474121094,43.84720993041992,20013000,2020-05-28
2020-05-29,46.040000915527344,47.81999969482422,45.40999984741211,47.81999969482422,45.98188018798828,43553600,2020-05-29
2020-06-01,47.150001525878906,47.290000915527344,46.22999954223633,46.29999923706055,44.520301818847656,18712400,2020-06-01
2020-06-02,46.400001525878906,46.900001525878906,45.880001068115234,46.88999938964844,45.08762741088867,17285900,2020-06-02
2020-06-03,46.97999954223633,47.20000076293945,46.540000915527344,46.939998626708984,45.135704040527344,17492000,2020-06-03
2020-06-04,46.77000045776367,47.25,46.529998779296875,46.86000061035156,45.058780670166016,14100700,2020-06-04
2020-06-05,47.27000045776367,48.290000915527344,47.20000076293945,47.83000183105469,45.99149703979492,22591100,2020-06-05
2020-06-08,47.459999084472656,48.15999984741211,47.119998931884766,48.130001068115234,46.279964447021484,17820900,2020-06-08
2020-06-09,48.02000045776367,48.2400016784668,47.4900016784668,48.04999923706055,46.203041076660156,18597300,2020-06-09
2020-06-10,47.65999984741211,47.83000183105469,47.119998931884766,47.41999816894531,45.59725570678711,18462400,2020-06-10
2020-06-11,46.9900016784668,47.0,43.63999938964844,43.66999816894531,41.991397857666016,35582000,2020-06-11
2020-06-12,44.959999084472656,45.86000061035156,44.11000061035156,45.06999969482422,43.337589263916016,26125600,2020-06-12
2020-06-15,44.119998931884766,45.7599983215332,43.93000030517578,45.349998474121094,43.6068229675293,21300100,2020-06-15
2020-06-16,47.40999984741211,47.4900016784668,45.90999984741211,46.47999954223633,44.69338607788086,28074600,2020-06-16
2020-06-17,46.75,46.81999969482422,45.900001525878906,46.16999816894531,44.39530563354492,20399100,2020-06-17
2020-06-18,45.790000915527344,46.04999923706055,45.349998474121094,45.83000183105469,44.0683708190918,22423500,2020-06-18
2020-06-19,46.2599983215332,46.5099983215332,45.04999923706055,45.31999969482422,43.57797622680664,36103200,2020-06-19
2020-06-22,45.11000061035156,45.459999084472656,44.810001373291016,45.15999984741211,43.424129486083984,18398600,2020-06-22
2020-06-23,45.91999816894531,46.150001525878906,45.31999969482422,45.470001220703125,43.72220993041992,23222400,2020-06-23
2020-06-24,45.290000915527344,45.470001220703125,44.38999938964844,44.75,43.02988815307617,22840100,2020-06-24
2020-06-25,44.77000045776367,45.31999969482422,44.20000076293945,45.220001220703125,43.48181915283203,19114900,2020-06-25
2020-06-26,45.119998931884766,46.5099983215332,44.630001068115234,46.310001373291016,44.52992248535156,106928300,2020-06-26
2020-06-29,46.34000015258789,46.45000076293945,45.66999816894531,46.150001525878906,44.376075744628906,23875400,2020-06-29
2020-06-30,46.150001525878906,47.0099983215332,46.099998474121094,46.63999938964844,44.84724044799805,21888800,2020-06-30
2020-07-01,46.540000915527344,46.720001220703125,46.0,46.060001373291016,44.28953552246094,17129500,2020-07-01
2020-07-02,46.06999969482422,46.220001220703125,45.47999954223633,45.630001068115234,44.2216911315918,19632000,2020-07-02
2020-07-06,46.06999969482422,46.4900016784668,45.869998931884766,46.41999816894531,44.987308502197266,16152900,2020-07-06
2020-07-07,46.119998931884766,46.290000915527344,45.560001373291016,45.630001068115234,44.2216911315918,17102800,2020-07-07
2020-07-08,45.59000015258789,46.06999969482422,45.31999969482422,45.810001373291016,44.39613723754883,15020800,2020-07-08
2020-07-09,46.599998474121094,47.20000076293945,46.220001220703125,46.70000076293945,45.258670806884766,26027700,2020-07-09
2020-07-10,46.72999954223633,46.91999816894531,46.2400016784668,46.65999984741211,45.219905853271484,13775700,2020-07-10
2020-07-13,46.869998931884766,46.9900016784668,45.779998779296875,45.93000030517578,44.51243591308594,17965500,2020-07-13
2020-07-14,45.4900016784668,46.5,45.40999984741211,46.2599983215332,44.832244873046875,19303500,2020-07-14
2020-07-15,46.5,46.83000183105469,45.9900016784668,46.400001525878906,44.96792984008789,15705000,2020-07-15
2020-07-16,45.70000076293945,45.83000183105469,45.20000076293945,45.779998779296875,44.367061614990234,17709400,2020-07-16
2020-07-17,46.040000915527344,46.93000030517578,45.880001068115234,46.75,45.307125091552734,20389700,2020-07-17
2020-07-20,46.66999816894531,47.099998474121094,46.2599983215332,46.970001220703125,45.52033615112305,15966500,2020-07-20
2020-07-21,47.279998779296875,47.33000183105469,46.849998474121094,47.02000045776367,45.568790435791016,16044700,2020-07-21
2020-07-22,47.02000045776367,47.11000061035156,46.529998779296875,46.900001525878906,45.45249938964844,27218300,2020-07-22
2020-07-23,46.97999954223633,47.70000076293945,46.68000030517578,47.40999984741211,45.946754455566406,23750200,2020-07-23
2020-07-24,47.4900016784668,47.63999938964844,46.11000061035156,46.400001525878906,44.96792984008789,16983600,2020-07-24
2020-07-27,46.65999984741211,47.2599983215332,46.150001525878906,47.189998626708984,45.73354721069336,15576000,2020-07-27
2020-07-28,46.97999954223633,47.08000183105469,46.209999084472656,46.279998779296875,44.85163116455078,13975300,2020-07-28
2020-07-29,46.400001525878906,46.880001068115234,46.369998931884766,46.709999084472656,45.26835632324219,11618200,2020-07-29
2020-07-30,46.130001068115234,46.459999084472656,45.380001068115234,46.439998626708984,45.006690979003906,15385100,2020-07-30
2020-07-31,46.38999938964844,47.11000061035156,45.86000061035156,47.099998474121094,45.64631652832031,17701100,2020-07-31
2020-08-03,47.13999938964844,47.36000061035156,46.68000030517578,47.15999984741211,45.704471588134766,14141100,2020-08-03
2020-08-04,47.0099983215332,47.66999816894531,46.90999984741211,47.66999816894531,46.19873046875,12839500,2020-08-04
2020-08-05,47.66999816894531,47.72999954223633,47.04999923706055,47.33000183105469,45.869224548339844,13075600,2020-08-05
2020-08-06,47.22999954223633,47.83000183105469,47.099998474121094,47.77000045776367,46.2956428527832,14190900,2020-08-06
2020-08-07,47.33000183105469,47.599998474121094,47.029998779296875,47.43000030517578,45.96614074707031,17054300,2020-08-07
2020-08-10,47.15999984741211,48.0,47.15999984741211,47.72999954223633,46.256874084472656,14999200,2020-08-10
2020-08-11,47.900001525878906,48.45000076293945,47.09000015258789,47.189998626708984,45.73354721069336,18859600,2020-08-11
2020-08-12,47.279998779296875,48.130001068115234,47.27000045776367,48.099998474121094,46.61545944213867,26823700,2020-08-12
2020-08-13,43.790000915527344,43.84000015258789,42.380001068115234,42.720001220703125,41.40150451660156,91849500,2020-08-13
2020-08-14,42.4900016784668,42.880001068115234,42.27000045776367,42.5,41.18829345703125,32539500,2020-08-14
2020-08-17,42.54999923706055,42.7599983215332,41.86000061035156,42.09000015258789,40.790950775146484,30511700,2020-08-17
2020-08-18,42.130001068115234,42.290000915527344,41.810001373291016,41.97999954223633,40.68434524536133,23344600,2020-08-18
2020-08-19,42.099998474121094,42.349998474121094,41.779998779296875,41.869998931884766,40.57773971557617,20097400,2020-08-19
2020-08-20,41.869998931884766,42.41999816894531,41.72999954223633,42.310001373291016,41.0041618347168,18443900,2020-08-20
2020-08-21,42.04999923706055,42.29999923706055,41.810001373291016,42.25,40.94601058959961,17389600,2020-08-21
2020-08-24,42.06999969482422,42.470001220703125,42.0,42.18000030517578,40.878173828125,17742900,2020-08-24
2020-08-25,42.22999954223633,42.29999923706055,41.779998779296875,41.959999084472656,40.66496276855469,15417400,2020-08-25
2020-08-26,41.650001525878906,42.279998779296875,41.45000076293945,42.25,40.94601058959961,21625800,2020-08-26
2020-08-27,42.400001525878906,42.470001220703125,42.02000045776367,42.290000915527344,40.98477554321289,22456800,2020-08-27
2020-08-28,42.13999938964844,42.29999923706055,42.0,42.20000076293945,40.89755630493164,16573600,2020-08-28
2020-08-31,42.099998474121094,42.349998474121094,41.939998626708984,42.220001220703125,40.91693878173828,21298000,2020-08-31
2020-09-01,42.0,42.06999969482422,41.5,42.029998779296875,40.7327995300293,23325100,2020-09-01
2020-09-02,42.040000915527344,42.689998626708984,42.029998779296875,42.41999816894531,41.11076354980469,30045700,2020-09-02
2020-09-03,41.75,41.83000183105469,40.66999816894531,40.95000076293945,39.686134338378906,39288100,2020-09-03
2020-09-04,41.20000076293945,41.43000030517578,40.439998626708984,40.81999969482422,39.56014633178711,34867400,2020-09-04
2020-09-08,40.04999923706055,40.61000061035156,39.970001220703125,40.0,38.76545333862305,29101800,2020-09-08
2020-09-09,40.099998474121094,40.47999954223633,39.720001220703125,40.130001068115234,38.891441345214844,23351600,2020-09-09
2020-09-10,40.029998779296875,40.63999938964844,39.41999816894531,39.56999969482422,38.348724365234375,25108800,2020-09-10
2020-09-11,39.77000045776367,40.04999923706055,39.52000045776367,39.880001068115234,38.6491584777832,21853000,2020-09-11
2020-09-14,40.220001220703125,40.63999938964844,40.04999923706055,40.369998931884766,39.12403106689453,19866700,2020-09-14
2020-09-15,40.5099983215332,40.84000015258789,40.380001068115234,40.599998474121094,39.34693145751953,19024100,2020-09-15
2020-09-16,40.720001220703125,41.16999816894531,40.38999938964844,40.41999816894531,39.17249298095703,24310200,2020-09-16
2020-09-17,39.65999984741211,40.400001525878906,39.5099983215332,40.369998931884766,39.12403106689453,22225900,2020-09-17
2020-09-18,40.18000030517578,40.31999969482422,39.58000183105469,39.810001373291016,38.581321716308594,44450800,2020-09-18
2020-09-21,39.310001373291016,39.470001220703125,38.689998626708984,39.040000915527344,37.835086822509766,28495000,2020-09-21
2020-09-22,39.18000030517578,39.459999084472656,38.880001068115234,39.31999969482422,38.1064453125,17656800,2020-09-22
2020-09-23,39.22999954223633,39.38999938964844,38.18000030517578,38.279998779296875,37.098541259765625,24843200,2020-09-23
2020-09-24,38.0,38.15999984741211,37.599998474121094,37.849998474121094,36.68181228637695,30910400,2020-09-24
2020-09-25,37.7599983215332,38.540000915527344,37.619998931884766,38.45000076293945,37.2632942199707,22966600,2020-09-25
2020-09-28,39.20000076293945,39.290000915527344,38.790000915527344,39.130001068115234,37.922306060791016,24275700,2020-09-28
2020-09-29,39.06999969482422,39.380001068115234,38.83000183105469,39.060001373291016,37.85446548461914,16353700,2020-09-29
2020-09-30,39.09000015258789,39.70000076293945,39.02000045776367,39.38999938964844,38.17428207397461,27113200,2020-09-30
2020-10-01,39.099998474121094,39.310001373291016,38.56999969482422,38.79999923706055,37.94932174682617,20763500,2020-10-01
2020-10-02,38.04999923706055,38.54999923706055,37.970001220703125,38.27000045776367,37.43094253540039,24493000,2020-10-02
2020-10-05,38.47999954223633,38.790000915527344,38.279998779296875,38.56999969482422,37.724369049072266,26929100,2020-10-05
2020-10-06,38.5,39.349998474121094,38.400001525878906,38.56999969482422,37.724369049072266,28430800,2020-10-06
2020-10-07,38.97999954223633,39.58000183105469,38.779998779296875,39.400001525878906,38.536170959472656,20593700,2020-10-07
2020-10-08,39.79999923706055,40.18000030517578,39.65999984741211,39.790000915527344,38.91761779785156,19031300,2020-10-08
2020-10-09,40.150001525878906,40.22999954223633,39.720001220703125,39.849998474121094,38.97630310058594,16167500,2020-10-09
2020-10-12,39.93000030517578,40.529998779296875,39.630001068115234,40.36000061035156,39.47512435913086,22757200,2020-10-12
2020-10-13,40.540000915527344,40.61000061035156,39.709999084472656,39.810001373291016,38.93717956542969,23438300,2020-10-13
2020-10-14,39.849998474121094,40.41999816894531,39.7599983215332,39.88999938964844,39.01542663574219,16439100,2020-10-14
2020-10-15,39.470001220703125,40.0,39.349998474121094,39.970001220703125,39.09366989135742,15451400,2020-10-15
2020-10-16,39.880001068115234,40.29999923706055,39.54999923706055,40.15999984741211,39.27950668334961,21292500,2020-10-16
2020-10-19,40.150001525878906,40.380001068115234,39.15999984741211,39.29999923706055,38.438358306884766,19600500,2020-10-19
2020-10-20,39.439998626708984,39.5099983215332,39.029998779296875,39.20000076293945,38.34055709838867,16564900,2020-10-20
2020-10-21,39.310001373291016,39.56999969482422,38.97999954223633,39.060001373291016,38.2036247253418,17016300,2020-10-21
2020-10-22,38.849998474121094,38.959999084472656,38.380001068115234,38.81999969482422,37.9688835144043,20399000,2020-10-22
2020-10-23,38.93000030517578,38.970001220703125,38.650001525878906,38.81999969482422,37.9688835144043,15556100,2020-10-23
2020-10-26,38.400001525878906,38.43000030517578,37.150001525878906,37.66999816894531,36.84409713745117,29146500,2020-10-26
2020-10-27,37.380001068115234,37.5,36.59000015258789,36.869998931884766,36.06163787841797,37911500,2020-10-27
2020-10-28,36.31999969482422,36.5099983215332,35.68000030517578,35.709999084472656,34.927066802978516,34561500,2020-10-28
2020-10-29,35.5099983215332,36.06999969482422,35.279998779296875,35.689998626708984,34.907508850097656,35332000,2020-10-29
2020-10-30,35.599998474121094,35.93000030517578,35.4900016784668,35.900001525878906,35.11290740966797,29151200,2020-10-30
2020-11-02,36.189998626708984,36.349998474121094,35.66999816894531,35.900001525878906,35.11290740966797,23483100,2020-11-02
2020-11-03,36.36000061035156,37.33000183105469,36.29999923706055,36.68000030517578,35.87580108642578,27342900,2020-11-03
2020-11-04,37.029998779296875,37.29999923706055,36.5,36.56999969482422,35.76821517944336,30121900,2020-11-04
2020-11-05,37.02000045776367,37.29999923706055,36.90999984741211,37.22999954223633,36.41374206542969,23149700,2020-11-05
2020-11-06,37.560001373291016,37.599998474121094,37.08000183105469,37.529998779296875,36.7071647644043,19475300,2020-11-06
2020-11-09,39.91999816894531,40.22999954223633,38.119998931884766,38.20000076293945,37.36247634887695,42649500,2020-11-09
2020-11-10,38.209999084472656,39.029998779296875,38.16999816894531,38.720001220703125,37.8710823059082,31514500,2020-11-10
2020-11-11,39.0099983215332,39.45000076293945,38.439998626708984,39.33000183105469,38.46770095825195,27332800,2020-11-11
2020-11-12,38.97999954223633,39.38999938964844,38.400001525878906,38.66999816894531,37.82217025756836,29368300,2020-11-12
2020-11-13,41.20000076293945,41.52000045776367,40.560001373291016,41.400001525878906,40.4923210144043,49106400,2020-11-13
2020-11-16,41.7400016784668,42.59000015258789,41.349998474121094,42.540000915527344,41.60732650756836,34572600,2020-11-16
2020-11-17,41.91999816894531,42.349998474121094,41.619998931884766,41.880001068115234,40.961795806884766,23140900,2020-11-17
2020-11-18,41.900001525878906,42.2400016784668,41.2599983215332,41.31999969482422,40.4140739440918,21327700,2020-11-18
2020-11-19,41.0,41.369998931884766,40.77000045776367,41.16999816894531,40.26736068725586,22177700,2020-11-19
2020-11-20,41.04999923706055,41.38999938964844,40.91999816894531,40.970001220703125,40.071746826171875,19776300,2020-11-20
2020-11-23,41.029998779296875,41.79999923706055,41.02000045776367,41.63999938964844,40.72705841064453,19651400,2020-11-23
2020-11-24,42.13999938964844,42.709999084472656,41.900001525878906,42.61000061035156,41.67578887939453,22849700,2020-11-24
2020-11-25,42.779998779296875,42.79999923706055,42.209999084472656,42.5,41.56820297241211,22617700,2020-11-25
2020-11-27,42.86000061035156,42.97999954223633,42.63999938964844,42.70000076293945,41.763816833496094,10769500,2020-11-27
2020-11-30,42.439998626708984,43.04999923706055,42.40999984741211,43.02000045776367,42.07680130004883,34741600,2020-11-30
2020-12-01,43.0099983215332,44.06999969482422,43.0099983215332,43.540000915527344,42.58540344238281,23942500,2020-12-01
2020-12-02,43.38999938964844,43.959999084472656,43.349998474121094,43.88999938964844,42.92772674560547,17422200,2020-12-02
2020-12-03,43.779998779296875,44.13999938964844,43.599998474121094,44.11000061035156,43.142906188964844,27710700,2020-12-03
2020-12-04,43.88999938964844,44.5099983215332,43.88999938964844,44.380001068115234,43.406982421875,17319800,2020-12-04
2020-12-07,44.290000915527344,44.4900016784668,43.90999984741211,44.349998474121094,43.37763977050781,14086800,2020-12-07
2020-12-08,44.209999084472656,44.529998779296875,43.93000030517578,44.369998931884766,43.39720153808594,13348500,2020-12-08
2020-12-09,44.470001220703125,44.83000183105469,44.36000061035156,44.689998626708984,43.71018600463867,22679800,2020-12-09
2020-12-10,44.540000915527344,44.61000061035156,44.11000061035156,44.31999969482422,43.348297119140625,17741500,2020-12-10
2020-12-11,43.939998626708984,44.33000183105469,43.720001220703125,44.31999969482422,43.348297119140625,14577700,2020-12-11
2020-12-14,44.27000045776367,44.90999984741211,44.150001525878906,44.2400016784668,43.27005386352539,16112300,2020-12-14
2020-12-15,44.38999938964844,44.79999923706055,44.13999938964844,44.720001220703125,43.73952865600586,18159400,2020-12-15
2020-12-16,44.70000076293945,45.13999938964844,44.529998779296875,44.720001220703125,43.73952865600586,16192000,2020-12-16
2020-12-17,44.90999984741211,44.93000030517578,44.599998474121094,44.81999969482422,43.837337493896484,16141600,2020-12-17
2020-12-18,44.900001525878906,45.56999969482422,44.77000045776367,45.439998626708984,44.44374084472656,41027000,2020-12-18
2020-12-21,44.470001220703125,44.959999084472656,44.06999969482422,44.880001068115234,43.896018981933594,19865300,2020-12-21
2020-12-22,44.439998626708984,45.06999969482422,44.439998626708984,44.689998626708984,43.71018600463867,16024000,2020-12-22
2020-12-23,44.650001525878906,44.79999923706055,44.349998474121094,44.380001068115234,43.406982421875,12032600,2020-12-23
2020-12-24,44.45000076293945,44.59000015258789,44.22999954223633,44.540000915527344,43.5634765625,5720500,2020-12-24
2020-12-28,44.93000030517578,45.34000015258789,44.720001220703125,44.91999816894531,43.93514633178711,13458400,2020-12-28
2020-12-29,44.970001220703125,45.25,44.529998779296875,44.63999938964844,43.66128158569336,11829000,2020-12-29
2020-12-30,44.7400016784668,45.060001373291016,44.439998626708984,44.47999954223633,43.504791259765625,11043100,2020-12-30
2020-12-31,44.380001068115234,44.84000015258789,44.15999984741211,44.75,43.76887512207031,15105500,2020-12-31
2021-01-04,44.310001373291016,44.369998931884766,43.349998474121094,43.959999084472656,43.34489059448242,24392500,2021-01-04
2021-01-05,43.68000030517578,44.06999969482422,43.380001068115234,43.97999954223633,43.36460876464844,17763700,2021-01-05
2021-01-06,44.130001068115234,44.869998931884766,43.88999938964844,44.400001525878906,43.77873611450195,21823100,2021-01-06
2021-01-07,44.20000076293945,45.11000061035156,44.16999816894531,44.959999084472656,44.330894470214844,18218800,2021-01-07
2021-01-08,44.47999954223633,45.40999984741211,44.25,45.060001373291016,44.42949676513672,20936300,2021-01-08
2021-01-11,45.150001525878906,45.95000076293945,45.02000045776367,45.36000061035156,44.725303649902344,25058200,2021-01-11
2021-01-12,45.29999923706055,45.93000030517578,44.959999084472656,45.790000915527344,45.14928436279297,20145000,2021-01-12
2021-01-13,45.290000915527344,45.970001220703125,45.18000030517578,45.36000061035156,44.725303649902344,19367300,2021-01-13
2021-01-14,44.869998931884766,45.599998474121094,44.849998474121094,45.150001525878906,44.51824188232422,22333500,2021-01-14
2021-01-15,44.959999084472656,45.650001525878906,44.880001068115234,45.43000030517578,44.79431915283203,30271700,2021-01-15
2021-01-19,45.33000183105469,45.630001068115234,44.77000045776367,45.189998626708984,44.55767822265625,28868800,2021-01-19
2021-01-20,45.33000183105469,45.5,45.13999938964844,45.34000015258789,44.70558166503906,16499400,2021-01-20
2021-01-21,45.20000076293945,45.2400016784668,44.720001220703125,45.11000061035156,44.478797912597656,17488400,2021-01-21
2021-01-22,44.75,44.88999938964844,44.22999954223633,44.77000045776367,44.143558502197266,14643400,2021-01-22
2021-01-25,45.040000915527344,45.16999816894531,44.709999084472656,45.029998779296875,44.3999137878418,16581300,2021-01-25
2021-01-26,44.88999938964844,45.349998474121094,44.77000045776367,45.2599983215332,44.6266975402832,13087800,2021-01-26
2021-01-27,45.2400016784668,46.459999084472656,45.08000183105469,45.70000076293945,45.060543060302734,29634500,2021-01-27
2021-01-28,45.90999984741211,46.27000045776367,45.29999923706055,45.34000015258789,44.70558166503906,21166000,2021-01-28
2021-01-29,44.849998474121094,45.369998931884766,44.47999954223633,44.58000183105469,43.956214904785156,22608100,2021-01-29
2021-02-01,44.91999816894531,45.630001068115234,44.65999984741211,45.400001525878906,44.76474380493164,16776900,2021-02-01
2021-02-02,45.52000045776367,45.939998626708984,45.43000030517578,45.83000183105469,45.18872833251953,16520900,2021-02-02
2021-02-03,45.75,46.15999984741211,45.540000915527344,45.77000045776367,45.12956619262695,13173600,2021-02-03
2021-02-04,45.869998931884766,47.31999969482422,45.77000045776367,47.25,46.5888557434082,22285700,2021-02-04
2021-02-05,47.56999969482422,48.34000015258789,47.5,48.08000183105469,47.40724182128906,25488600,2021-02-05
2021-02-08,48.560001373291016,49.34000015258789,48.560001373291016,48.939998626708984,48.25520324707031,25215400,2021-02-08
2021-02-09,48.77000045776367,48.83000183105469,48.40999984741211,48.5,47.82136535644531,24795000,2021-02-09
2021-02-10,46.150001525878906,47.40999984741211,45.83000183105469,47.2400016784668,46.57899856567383,44540900,2021-02-10
2021-02-11,47.349998474121094,47.90999984741211,47.20000076293945,47.58000183105469,46.91423797607422,18589900,2021-02-11
2021-02-12,47.43000030517578,47.689998626708984,46.90999984741211,47.290000915527344,46.6282958984375,15239800,2021-02-12
2021-02-16,47.2599983215332,47.2599983215332,46.400001525878906,46.5099983215332,45.85920715332031,18539000,2021-02-16
2021-02-17,46.31999969482422,46.400001525878906,45.869998931884766,46.25,45.602848052978516,13296300,2021-02-17
2021-02-18,46.38999938964844,46.400001525878906,45.689998626708984,46.34000015258789,45.69158935546875,16867500,2021-02-18
2021-02-19,46.540000915527344,46.61000061035156,45.58000183105469,45.68000030517578,45.04082489013672,25117700,2021-02-19
2021-02-22,45.290000915527344,45.68000030517578,44.81999969482422,45.43000030517578,44.79431915283203,21435800,2021-02-22
2021-02-23,45.2599983215332,45.779998779296875,45.099998474121094,45.5099983215332,44.873199462890625,19714900,2021-02-23
2021-02-24,45.2400016784668,45.79999923706055,45.040000915527344,45.7400016784668,45.0999870300293,17823600,2021-02-24
2021-02-25,45.59000015258789,46.2400016784668,45.2400016784668,45.52000045776367,44.883060455322266,21916700,2021-02-25
2021-02-26,45.58000183105469,45.779998779296875,44.7599983215332,44.869998931884766,44.242156982421875,22144900,2021-02-26
2021-03-01,45.220001220703125,46.220001220703125,45.220001220703125,45.91999816894531,45.277462005615234,17394100,2021-03-01
2021-03-02,45.93000030517578,46.08000183105469,45.41999816894531,45.52000045776367,44.883060455322266,14833000,2021-03-02
2021-03-03,45.43000030517578,45.529998779296875,45.0,45.130001068115234,44.49851989746094,16851100,2021-03-03
2021-03-04,45.13999938964844,45.470001220703125,44.150001525878906,44.560001373291016,43.936492919921875,24653500,2021-03-04
2021-03-05,45.45000076293945,46.7400016784668,45.27000045776367,46.25,45.602848052978516,33197600,2021-03-05
2021-03-08,46.2400016784668,48.400001525878906,46.20000076293945,47.5099983215332,46.84521484375,34824500,2021-03-08
2021-03-09,47.81999969482422,48.369998931884766,47.720001220703125,47.88999938964844,47.21989822387695,26512700,2021-03-09
2021-03-10,48.470001220703125,48.790000915527344,48.189998626708984,48.290000915527344,47.61430358886719,19841500,2021-03-10
2021-03-11,48.5099983215332,49.08000183105469,48.22999954223633,48.79999923706055,48.117164611816406,21976600,2021-03-11
2021-03-12,48.810001373291016,48.9900016784668,48.470001220703125,48.81999969482422,48.13688278198242,15196500,2021-03-12
2021-03-15,48.900001525878906,49.439998626708984,48.900001525878906,49.40999984741211,48.7186279296875,15523600,2021-03-15
2021-03-16,49.189998626708984,49.7400016784668,49.189998626708984,49.66999816894531,48.97499084472656,17282300,2021-03-16
2021-03-17,49.61000061035156,49.61000061035156,48.88999938964844,49.41999816894531,48.72848892211914,18326900,2021-03-17
2021-03-18,48.52000045776367,49.56999969482422,48.52000045776367,48.79999923706055,48.117164611816406,18416900,2021-03-18
2021-03-19,48.709999084472656,49.220001220703125,48.31999969482422,48.97999954223633,48.294647216796875,65366800,2021-03-19
2021-03-22,48.939998626708984,50.380001068115234,48.939998626708984,50.29999923706055,49.59617614746094,28813900,2021-03-22
2021-03-23,50.02000045776367,50.68000030517578,49.900001525878906,50.0099983215332,49.31023406982422,28328200,2021-03-23
2021-03-24,49.939998626708984,50.45000076293945,49.619998931884766,49.650001525878906,48.95527648925781,26444700,2021-03-24
2021-03-25,50.58000183105469,51.400001525878906,50.290000915527344,50.5099983215332,49.80323791503906,34537700,2021-03-25
2021-03-26,50.599998474121094,52.63999938964844,50.560001373291016,52.56999969482422,51.834415435791016,31997000,2021-03-26
2021-03-29,52.400001525878906,52.939998626708984,52.279998779296875,52.52000045776367,51.78511428833008,25032800,2021-03-29
2021-03-30,52.11000061035156,52.290000915527344,51.18000030517578,51.77000045776367,51.04560852050781,22465100,2021-03-30
2021-03-31,51.83000183105469,52.04999923706055,51.54999923706055,51.709999084472656,50.986446380615234,22212400,2021-03-31
2021-04-01,51.75,52.06999969482422,51.349998474121094,51.97999954223633,51.25267028808594,17896200,2021-04-01
2021-04-05,51.630001068115234,52.91999816894531,51.630001068115234,52.40999984741211,52.0471305847168,19860900,2021-04-05
2021-04-06,51.97999954223633,52.220001220703125,51.779998779296875,52.029998779296875,51.669761657714844,15126100,2021-04-06
2021-04-07,52.0099983215332,52.13999938964844,51.58000183105469,51.77000045776367,51.41156005859375,15783600,2021-04-07
2021-04-08,51.939998626708984,52.0,51.45000076293945,51.90999984741211,51.55059051513672,15111300,2021-04-08
2021-04-09,51.83000183105469,52.150001525878906,51.68000030517578,52.09000015258789,51.729347229003906,13135800,2021-04-09
2021-04-12,52.06999969482422,52.15999984741211,51.470001220703125,51.56999969482422,51.21294403076172,16441700,2021-04-12
2021-04-13,51.63999938964844,51.880001068115234,51.34000015258789,51.65999984741211,51.30232238769531,13353200,2021-04-13
2021-04-14,51.5099983215332,51.68000030517578,51.13999938964844,51.369998931884766,51.01432800292969,15376600,2021-04-14
2021-04-15,51.7599983215332,51.939998626708984,51.369998931884766,51.63999938964844,51.2824592590332,17869800,2021-04-15
2021-04-16,52.45000076293945,53.18000030517578,52.2599983215332,52.79999923706055,52.43442916870117,28327900,2021-04-16
2021-04-19,52.529998779296875,52.959999084472656,52.4900016784668,52.849998474121094,52.48408126831055,20245600,2021-04-19
2021-04-20,52.59000015258789,52.790000915527344,51.599998474121094,51.790000915527344,51.43142318725586,21257500,2021-04-20
2021-04-21,51.84000015258789,52.06999969482422,51.47999954223633,51.93000030517578,51.57045364379883,14015500,2021-04-21
2021-04-22,51.810001373291016,52.09000015258789,51.380001068115234,51.5,51.1434326171875,15564800,2021-04-22
2021-04-23,51.5,52.130001068115234,51.18000030517578,51.90999984741211,51.55059051513672,14016800,2021-04-23
2021-04-26,51.650001525878906,51.77000045776367,51.5,51.63999938964844,51.2824592590332,13778200,2021-04-26
2021-04-27,51.58000183105469,51.66999816894531,51.349998474121094,51.369998931884766,51.01432800292969,13601000,2021-04-27
2021-04-28,51.560001373291016,51.77000045776367,50.91999816894531,51.11000061035156,50.75613021850586,14984000,2021-04-28
2021-04-29,51.18000030517578,51.599998474121094,50.97999954223633,51.459999084472656,51.10370635986328,13916600,2021-04-29
2021-04-30,51.220001220703125,51.22999954223633,50.40999984741211,50.90999984741211,50.55751419067383,19930200,2021-04-30
2021-05-03,51.209999084472656,51.400001525878906,50.810001373291016,51.16999816894531,50.815711975097656,13465900,2021-05-03
2021-05-04,51.11000061035156,51.22999954223633,50.29999923706055,50.709999084472656,50.3588981628418,18164800,2021-05-04
2021-05-05,50.9900016784668,51.25,50.68000030517578,51.130001068115234,50.77599334716797,16205300,2021-05-05
2021-05-06,51.06999969482422,52.709999084472656,50.95000076293945,52.439998626708984,52.07691955566406,27106800,2021-05-06
2021-05-07,52.47999954223633,53.68000030517578,52.220001220703125,53.43000030517578,53.0600700378418,24146000,2021-05-07
2021-05-10,53.970001220703125,54.13999938964844,53.15999984741211,53.15999984741211,52.79193878173828,23845600,2021-05-10
2021-05-11,53.099998474121094,53.11000061035156,52.11000061035156,52.83000183105469,52.46422576904297,20220900,2021-05-11
2021-05-12,52.18000030517578,52.43000030517578,51.470001220703125,51.599998474121094,51.24273681640625,22123300,2021-05-12
2021-05-13,52.11000061035156,52.810001373291016,51.880001068115234,52.4900016784668,52.12657928466797,15864000,2021-05-13
2021-05-14,52.93000030517578,53.220001220703125,52.599998474121094,52.900001525878906,52.53373718261719,14789400,2021-05-14
2021-05-17,52.7599983215332,53.150001525878906,52.68000030517578,52.939998626708984,52.57345962524414,15731000,2021-05-17
2021-05-18,52.79999923706055,53.34000015258789,52.7400016784668,52.93000030517578,52.56352996826172,20177200,2021-05-18
2021-05-19,51.880001068115234,52.65999984741211,51.86000061035156,52.470001220703125,52.10671615600586,29187900,2021-05-19
2021-05-20,50.40999984741211,52.970001220703125,50.099998474121094,52.849998474121094,52.48408126831055,48830800,2021-05-20
2021-05-21,52.77000045776367,52.93000030517578,52.2400016784668,52.43000030517578,52.066993713378906,24468400,2021-05-21
2021-05-24,52.959999084472656,53.77000045776367,52.790000915527344,53.38999938964844,53.02034378051758,21128900,2021-05-24
2021-05-25,53.369998931884766,53.58000183105469,53.13999938964844,53.310001373291016,52.94089889526367,20657200,2021-05-25
2021-05-26,53.349998474121094,53.61000061035156,52.81999969482422,52.90999984741211,52.54366683959961,18671200,2021-05-26
2021-05-27,52.93000030517578,53.349998474121094,52.58000183105469,52.91999816894531,52.55359649658203,56216100,2021-05-27
2021-05-28,53.18000030517578,53.220001220703125,52.84000015258789,52.900001525878906,52.53373718261719,14863500,2021-05-28
2021-06-01,52.959999084472656,53.31999969482422,52.43000030517578,52.619998931884766,52.25567626953125,15741700,2021-06-01
2021-06-02,52.650001525878906,52.9900016784668,52.400001525878906,52.959999084472656,52.59332275390625,14529300,2021-06-02
2021-06-03,52.79999923706055,53.560001373291016,52.619998931884766,53.33000183105469,52.96076202392578,17593100,2021-06-03
2021-06-04,53.439998626708984,54.16999816894531,53.439998626708984,54.06999969482422,53.69563674926758,11676700,2021-06-04
2021-06-07,54.31999969482422,54.439998626708984,53.790000915527344,53.91999816894531,53.54667282104492,14899800,2021-06-07
2021-06-08,53.970001220703125,54.38999938964844,53.88999938964844,54.130001068115234,53.75522232055664,15329700,2021-06-08
2021-06-09,54.18000030517578,54.41999816894531,53.939998626708984,54.02000045776367,53.6459846496582,14860900,2021-06-09
2021-06-10,54.43000030517578,55.08000183105469,54.27000045776367,55.029998779296875,54.648990631103516,22183500,2021-06-10
2021-06-11,55.189998626708984,55.349998474121094,54.540000915527344,54.77000045776367,54.39078903198242,17134000,2021-06-11
2021-06-14,54.38999938964844,54.529998779296875,53.529998779296875,54.16999816894531,53.79494094848633,15131400,2021-06-14
2021-06-15,54.22999954223633,54.31999969482422,53.72999954223633,53.790000915527344,53.41757583618164,12542600,2021-06-15
2021-06-16,53.849998474121094,53.91999816894531,53.130001068115234,53.470001220703125,53.09979248046875,15477900,2021-06-16
2021-06-17,53.40999984741211,53.54999923706055,53.0099983215332,53.130001068115234,52.76214599609375,18288400,2021-06-17
2021-06-18,52.810001373291016,52.84000015258789,51.880001068115234,52.06999969482422,51.7094841003418,35758300,2021-06-18
2021-06-21,52.369998931884766,53.40999984741211,52.290000915527344,53.18000030517578,52.811798095703125,17682200,2021-06-21
2021-06-22,53.29999923706055,53.36000061035156,52.810001373291016,53.2599983215332,52.89124298095703,16451200,2021-06-22
2021-06-23,53.27000045776367,53.290000915527344,52.59000015258789,52.7599983215332,52.39470672607422,14749800,2021-06-23
2021-06-24,52.939998626708984,53.04999923706055,52.61000061035156,52.779998779296875,52.41456604003906,13974300,2021-06-24
2021-06-25,52.77000045776367,53.20000076293945,52.650001525878906,53.060001373291016,52.692630767822266,16682700,2021-06-25
2021-06-28,53.15999984741211,53.290000915527344,52.91999816894531,52.959999084472656,52.59332275390625,14008700,2021-06-28
2021-06-29,52.88999938964844,53.189998626708984,52.77000045776367,52.90999984741211,52.54366683959961,10926100,2021-06-29
2021-06-30,52.95000076293945,53.06999969482422,52.619998931884766,53.0,52.6330451965332,15826400,2021-06-30
2021-07-01,53.04999923706055,53.599998474121094,53.0,53.439998626708984,53.06999588012695,15074800,2021-07-01
2021-07-02,53.189998626708984,53.619998931884766,52.84000015258789,53.540000915527344,53.540000915527344,15066000,2021-07-02
2021-07-06,53.220001220703125,53.36000061035156,52.34000015258789,52.97999954223633,52.97999954223633,19394500,2021-07-06
2021-07-07,53.06999969482422,53.29999923706055,52.66999816894531,53.2599983215332,53.2599983215332,14411600,2021-07-07
2021-07-08,53.15999984741211,53.720001220703125,52.90999984741211,53.2599983215332,53.2599983215332,15691800,2021-07-08
2021-07-09,53.36000061035156,53.93000030517578,53.290000915527344,53.7400016784668,53.7400016784668,14673400,2021-07-09
2021-07-12,54.040000915527344,54.040000915527344,53.130001068115234,53.22999954223633,53.22999954223633,14000600,2021-07-12
2021-07-13,53.34000015258789,53.58000183105469,53.20000076293945,53.31999969482422,53.31999969482422,9927400,2021-07-13
2021-07-14,53.5,54.20000076293945,53.34000015258789,54.09000015258789,54.09000015258789,17113700,2021-07-14
2021-07-15,53.84000015258789,53.869998931884766,53.2400016784668,53.650001525878906,53.650001525878906,14952400,2021-07-15
2021-07-16,53.880001068115234,54.40999984741211,53.650001525878906,53.70000076293945,53.70000076293945,14144900,2021-07-16
2021-07-19,53.66999816894531,53.70000076293945,52.72999954223633,53.060001373291016,53.060001373291016,19925300,2021-07-19
2021-07-20,53.279998779296875,53.93000030517578,53.189998626708984,53.58000183105469,53.58000183105469,17250200,2021-07-20
2021-07-21,53.81999969482422,53.900001525878906,53.41999816894531,53.880001068115234,53.880001068115234,14068600,2021-07-21
2021-07-22,53.90999984741211,54.54999923706055,53.779998779296875,54.540000915527344,54.540000915527344,15729800,2021-07-22
2021-07-23,54.88999938964844,55.34000015258789,54.5099983215332,55.22999954223633,55.22999954223633,13042500,2021-07-23
2021-07-26,55.130001068115234,55.650001525878906,55.130001068115234,55.470001220703125,55.470001220703125,10097400,2021-07-26
2021-07-27,55.380001068115234,55.40999984741211,54.790000915527344,55.279998779296875,55.279998779296875,14738700,2021-07-27
2021-07-28,55.459999084472656,55.52000045776367,54.40999984741211,54.77000045776367,54.77000045776367,18835700,2021-07-28
2021-07-29,55.0,55.349998474121094,54.900001525878906,55.06999969482422,55.06999969482422,10680200,2021-07-29
2021-07-30,55.08000183105469,55.4900016784668,55.0099983215332,55.369998931884766,55.369998931884766,13438800,2021-07-30
2021-08-02,55.599998474121094,55.939998626708984,55.2599983215332,55.45000076293945,55.45000076293945,12468800,2021-08-02
2021-08-03,55.540000915527344,56.41999816894531,55.27000045776367,56.25,56.25,17357400,2021-08-03
2021-08-04,56.369998931884766,56.369998931884766,55.470001220703125,55.689998626708984,55.689998626708984,11662400,2021-08-04
2021-08-05,55.52000045776367,55.97999954223633,55.5,55.7599983215332,55.7599983215332,10785200,2021-08-05
2021-08-06,55.470001220703125,55.95000076293945,55.150001525878906,55.59000015258789,55.59000015258789,18386100,2021-08-06
2021-08-09,55.81999969482422,56.06999969482422,55.400001525878906,55.470001220703125,55.470001220703125,8707200,2021-08-09
2021-08-10,55.5,55.66999816894531,55.25,55.61000061035156,55.61000061035156,10441900,2021-08-10
2021-08-11,55.88999938964844,56.0099983215332,55.599998474121094,55.86000061035156,55.86000061035156,12604500,2021-08-11
2021-08-12,55.849998474121094,56.45000076293945,55.65999984741211,56.38999938964844,56.38999938964844,11209700,2021-08-12
2021-08-13,56.38999938964844,56.619998931884766,56.2599983215332,56.470001220703125,56.470001220703125,10841700,2021-08-13
2021-08-16,56.29999923706055,56.43000030517578,55.93000030517578,56.279998779296875,56.279998779296875,14407400,2021-08-16
2021-08-17,55.869998931884766,56.02000045776367,55.630001068115234,56.0099983215332,56.0099983215332,11987500,2021-08-17
2021-08-18,55.790000915527344,56.13999938964844,55.029998779296875,55.150001525878906,55.150001525878906,17111700,2021-08-18
2021-08-19,54.7599983215332,57.4900016784668,54.59000015258789,57.27000045776367,57.27000045776367,39881600,2021-08-19
2021-08-20,57.25,58.34000015258789,56.849998474121094,58.220001220703125,58.220001220703125,21876500,2021-08-20
2021-08-23,57.849998474121094,58.70000076293945,57.7400016784668,58.540000915527344,58.540000915527344,16225400,2021-08-23
2021-08-24,58.4900016784668,59.43000030517578,58.43000030517578,59.31999969482422,59.31999969482422,17658300,2021-08-24
2021-08-25,59.540000915527344,60.27000045776367,59.16999816894531,59.349998474121094,59.349998474121094,18069600,2021-08-25
2021-08-26,59.41999816894531,59.630001068115234,58.9900016784668,59.20000076293945,59.20000076293945,13729400,2021-08-26
2021-08-27,59.27000045776367,59.349998474121094,58.86000061035156,59.02000045776367,59.02000045776367,14795200,2021-08-27
2021-08-30,58.97999954223633,59.220001220703125,58.79999923706055,59.130001068115234,59.130001068115234,11798600,2021-08-30
2021-08-31,59.11000061035156,59.18000030517578,58.58000183105469,59.02000045776367,59.02000045776367,19873900,2021-08-31
2021-09-01,59.02000045776367,59.13999938964844,58.65999984741211,59.040000915527344,59.040000915527344,11629700,2021-09-01
2021-09-02,59.349998474121094,59.720001220703125,59.060001373291016,59.529998779296875,59.529998779296875,12855700,2021-09-02
2021-09-03,59.33000183105469,59.65999984741211,59.279998779296875,59.41999816894531,59.41999816894531,9732200,2021-09-03
2021-09-07,59.2400016784668,59.369998931884766,58.75,58.880001068115234,58.880001068115234,15503600,2021-09-07
2021-09-08,58.54999923706055,58.93000030517578,58.4900016784668,58.68000030517578,58.68000030517578,13124500,2021-09-08
2021-09-09,58.45000076293945,58.939998626708984,58.25,58.599998474121094,58.599998474121094,14958800,2021-09-09
2021-09-10,58.75,58.95000076293945,57.81999969482422,57.88999938964844,57.88999938964844,13622100,2021-09-10
2021-09-13,58.15999984741211,58.529998779296875,57.72999954223633,58.099998474121094,58.099998474121094,13553200,2021-09-13
2021-09-14,58.2400016784668,58.470001220703125,57.65999984741211,57.869998931884766,57.869998931884766,12810300,2021-09-14
2021-09-15,57.779998779296875,59.599998474121094,57.060001373291016,57.560001373291016,57.560001373291016,37524600,2021-09-15
2021-09-16,58.310001373291016,58.81999969482422,57.130001068115234,57.33000183105469,57.33000183105469,24029600,2021-09-16
2021-09-17,57.38999938964844,57.45000076293945,56.470001220703125,56.849998474121094,56.849998474121094,40262700,2021-09-17
2021-09-20,56.380001068115234,56.400001525878906,55.290000915527344,55.88999938964844,55.88999938964844,21897000,2021-09-20
2021-09-21,55.959999084472656,56.369998931884766,55.22999954223633,55.2599983215332,55.2599983215332,18700600,2021-09-21
2021-09-22,55.7599983215332,56.130001068115234,55.369998931884766,55.52000045776367,55.52000045776367,17940600,2021-09-22
2021-09-23,55.70000076293945,56.900001525878906,55.599998474121094,56.689998626708984,56.689998626708984,16262500,2021-09-23
2021-09-24,56.45000076293945,56.810001373291016,56.220001220703125,56.72999954223633,56.72999954223633,13156400,2021-09-24
2021-09-27,56.459999084472656,56.66999816894531,56.04999923706055,56.220001220703125,56.220001220703125,13859500,2021-09-27
2021-09-28,55.779998779296875,55.9900016784668,55.40999984741211,55.52000045776367,55.52000045776367,17803200,2021-09-28
2021-09-29,55.619998931884766,55.97999954223633,55.34000015258789,55.47999954223633,55.47999954223633,14051700,2021-09-29
2021-09-30,55.79999923706055,55.900001525878906,54.40999984741211,54.43000030517578,54.43000030517578,18538000,2021-09-30
2021-10-01,54.599998474121094,55.40999984741211,54.040000915527344,55.13999938964844,55.13999938964844,18338000,2021-10-01
2021-10-04,54.5,54.68000030517578,53.95000076293945,54.22999954223633,54.22999954223633,17084100,2021-10-04
2021-10-05,54.130001068115234,55.029998779296875,54.130001068115234,54.689998626708984,54.689998626708984,14135000,2021-10-05
2021-10-06,54.349998474121094,54.380001068115234,52.97999954223633,53.939998626708984,53.939998626708984,26339200,2021-10-06
2021-10-07,54.4900016784668,55.40999984741211,54.349998474121094,55.02000045776367,55.02000045776367,14725500,2021-10-07
2021-10-08,55.20000076293945,55.29999923706055,54.75,55.08000183105469,55.08000183105469,9255500,2021-10-08
2021-10-11,55.25,55.380001068115234,54.900001525878906,54.93000030517578,54.93000030517578,8117600,2021-10-11
2021-10-12,54.9900016784668,55.060001373291016,54.06999969482422,54.279998779296875,54.279998779296875,14241900,2021-10-12
2021-10-13,54.31999969482422,54.75,54.08000183105469,54.619998931884766,54.619998931884766,13737100,2021-10-13
2021-10-14,55.09000015258789,55.849998474121094,54.97999954223633,55.650001525878906,55.650001525878906,14455900,2021-10-14
2021-10-15,55.88999938964844,55.88999938964844,54.959999084472656,55.25,55.25,15202200,2021-10-15
2021-10-18,55.040000915527344,55.4900016784668,54.56999969482422,55.189998626708984,55.189998626708984,10989600,2021-10-18
2021-10-19,55.290000915527344,55.779998779296875,55.029998779296875,55.7400016784668,55.7400016784668,13258400,2021-10-19
2021-10-20,55.79999923706055,56.22999954223633,55.79999923706055,56.20000076293945,56.20000076293945,11613600,2021-10-20
2021-10-21,56.040000915527344,56.119998931884766,55.529998779296875,55.689998626708984,55.689998626708984,12619900,2021-10-21
2021-10-22,55.54999923706055,55.86000061035156,54.939998626708984,55.11000061035156,55.11000061035156,15026600,2021-10-22
2021-10-25,55.11000061035156,55.41999816894531,54.810001373291016,55.13999938964844,55.13999938964844,10218900,2021-10-25
2021-10-26,55.560001373291016,56.349998474121094,55.400001525878906,55.810001373291016,55.810001373291016,15250000,2021-10-26
2021-10-27,56.130001068115234,56.720001220703125,55.93000030517578,56.18000030517578,56.18000030517578,16279000,2021-10-27
2021-10-28,56.22999954223633,56.689998626708984,55.88999938964844,56.2400016784668,56.2400016784668,11209200,2021-10-28
2021-10-29,56.31999969482422,56.58000183105469,55.86000061035156,55.970001220703125,55.970001220703125,13550400,2021-10-29
2021-11-01,55.869998931884766,56.25,55.5,56.099998474121094,56.099998474121094,14341400,2021-11-01
2021-11-02,56.369998931884766,57.869998931884766,56.279998779296875,57.619998931884766,57.619998931884766,22097900,2021-11-02
2021-11-03,57.58000183105469,57.93000030517578,57.119998931884766,57.650001525878906,57.650001525878906,13219400,2021-11-03
2021-11-04,57.599998474121094,57.689998626708984,56.560001373291016,57.119998931884766,57.119998931884766,18070400,2021-11-04
2021-11-05,57.380001068115234,57.79999923706055,56.93000030517578,57.06999969482422,57.06999969482422,15637700,2021-11-05
2021-11-08,57.099998474121094,57.52000045776367,56.59000015258789,57.0,57.0,15045300,2021-11-08
2021-11-09,57.06999969482422,57.630001068115234,56.900001525878906,57.439998626708984,57.439998626708984,14459800,2021-11-09
2021-11-10,57.900001525878906,58.630001068115234,57.689998626708984,57.77000045776367,57.77000045776367,17876300,2021-11-10
2021-11-11,57.56999969482422,57.77000045776367,56.689998626708984,56.7599983215332,56.7599983215332,17440700,2021-11-11
2021-11-12,56.970001220703125,57.150001525878906,56.310001373291016,56.81999969482422,56.81999969482422,16663600,2021-11-12
2021-11-15,56.93000030517578,57.70000076293945,56.83000183105469,57.27000045776367,57.27000045776367,19041800,2021-11-15
2021-11-16,57.2400016784668,58.08000183105469,56.93000030517578,57.0,57.0,21136900,2021-11-16
2021-11-17,56.61000061035156,57.13999938964844,56.27000045776367,56.7599983215332,56.7599983215332,31496300,2021-11-17
2021-11-18,52.72999954223633,53.93000030517578,51.08000183105469,53.630001068115234,53.630001068115234,70834000,2021-11-18
2021-11-19,53.54999923706055,53.689998626708984,52.779998779296875,53.25,53.25,30030800,2021-11-19
2021-11-22,53.349998474121094,55.529998779296875,53.29999923706055,54.599998474121094,54.599998474121094,39949300,2021-11-22
2021-11-23,54.61000061035156,55.58000183105469,54.470001220703125,55.29999923706055,55.29999923706055,25653100,2021-11-23
2021-11-24,55.150001525878906,55.75,55.150001525878906,55.540000915527344,55.540000915527344,19328700,2021-11-24
2021-11-26,54.459999084472656,55.189998626708984,54.459999084472656,54.66999816894531,54.66999816894531,16730300,2021-11-26
2021-11-29,55.13999938964844,56.189998626708984,54.83000183105469,55.7599983215332,55.7599983215332,25724500,2021-11-29
2021-11-30,55.58000183105469,55.599998474121094,54.150001525878906,54.84000015258789,54.84000015258789,45141300,2021-11-30
2021-12-01,55.529998779296875,56.380001068115234,54.93000030517578,55.029998779296875,55.029998779296875,24120500,2021-12-01
2021-12-02,55.150001525878906,56.61000061035156,55.08000183105469,56.150001525878906,56.150001525878906,22384700,2021-12-02
2021-12-03,56.29999923706055,56.81999969482422,55.66999816894531,56.22999954223633,56.22999954223633,26235400,2021-12-03
2021-12-06,56.70000076293945,57.16999816894531,56.470001220703125,56.959999084472656,56.959999084472656,23172800,2021-12-06
2021-12-07,57.099998474121094,58.220001220703125,57.0099983215332,58.08000183105469,58.08000183105469,24254800,2021-12-07
2021-12-08,58.08000183105469,58.130001068115234,56.630001068115234,57.02000045776367,57.02000045776367,23631300,2021-12-08
2021-12-09,57.20000076293945,57.83000183105469,56.93000030517578,57.54999923706055,57.54999923706055,16480200,2021-12-09
2021-12-10,57.90999984741211,59.34000015258789,57.90999984741211,59.25,59.25,19901500,2021-12-10
2021-12-13,59.099998474121094,59.5099983215332,58.540000915527344,58.61000061035156,58.61000061035156,18496300,2021-12-13
2021-12-14,58.34000015258789,58.529998779296875,57.369998931884766,57.77000045776367,57.77000045776367,19114200,2021-12-14
2021-12-15,57.91999816894531,60.029998779296875,57.900001525878906,59.93000030517578,59.93000030517578,27953900,2021-12-15
2021-12-16,60.04999923706055,60.7599983215332,59.869998931884766,60.310001373291016,60.310001373291016,24599300,2021-12-16
2021-12-17,60.27000045776367,60.79999923706055,59.790000915527344,60.459999084472656,60.459999084472656,62171000,2021-12-17
2021-12-20,59.66999816894531,60.40999984741211,59.29999923706055,60.36000061035156,60.36000061035156,21342100,2021-12-20
2021-12-21,60.439998626708984,61.2400016784668,60.0,61.029998779296875,61.029998779296875,20761100,2021-12-21
2021-12-22,60.970001220703125,61.599998474121094,60.619998931884766,61.529998779296875,61.529998779296875,17095500,2021-12-22
2021-12-23,61.790000915527344,62.900001525878906,61.790000915527344,62.279998779296875,62.279998779296875,17771400,2021-12-23
2021-12-27,62.40999984741211,63.470001220703125,62.279998779296875,63.41999816894531,63.41999816894531,14779700,2021-12-27
2021-12-28,63.41999816894531,63.84000015258789,63.22999954223633,63.529998779296875,63.529998779296875,12865000,2021-12-28
2021-12-29,63.650001525878906,64.29000091552734,63.54999923706055,63.959999084472656,63.959999084472656,15069900,2021-12-29
2021-12-30,64.04000091552734,64.13999938964844,63.470001220703125,63.619998931884766,63.619998931884766,9076700,2021-12-30
2021-12-31,63.54999923706055,63.81999969482422,63.31999969482422,63.369998931884766,63.369998931884766,10359100,2021-12-31
