Date,Open,High,Low,Close,Adj Close,Volume,Date
2020-01-02,78.62000274658203,78.7300033569336,77.62000274658203,78.3499984741211,75.73204040527344,1062400,2020-01-02
2020-01-03,77.08000183105469,77.91000366210938,76.76000213623047,77.87000274658203,75.26809692382812,660200,2020-01-03
2020-01-06,77.08999633789062,77.44000244140625,75.81999969482422,76.83000183105469,74.26283264160156,872500,2020-01-06
2020-01-07,76.37000274658203,76.94000244140625,76.08000183105469,76.62999725341797,74.06951141357422,871800,2020-01-07
2020-01-08,76.69999694824219,76.94000244140625,76.05000305175781,76.37999725341797,73.8278579711914,989100,2020-01-08
2020-01-09,76.37999725341797,77.0199966430664,76.30000305175781,76.80999755859375,74.24349975585938,948800,2020-01-09
2020-01-10,77.08999633789062,77.66999816894531,76.8499984741211,77.20999908447266,74.630126953125,1075600,2020-01-10
2020-01-13,77.22000122070312,77.9000015258789,77.08000183105469,77.61000061035156,75.01677703857422,888300,2020-01-13
2020-01-14,77.66999816894531,79.1500015258789,77.54000091552734,78.72000122070312,76.08967590332031,1081500,2020-01-14
2020-01-15,78.93000030517578,79.56999969482422,78.45999908447266,79.19000244140625,76.54397583007812,847800,2020-01-15
2020-01-16,79.55000305175781,81.63999938964844,78.79000091552734,81.33999633789062,78.62213897705078,1304900,2020-01-16
2020-01-17,75.79000091552734,78.33000183105469,75.45999908447266,76.81999969482422,74.25316619873047,3312600,2020-01-17
2020-01-21,76.47000122070312,76.87999725341797,73.58999633789062,74.0199966430664,71.54672241210938,1868300,2020-01-21
2020-01-22,74.26000213623047,74.5,73.12999725341797,73.66000366210938,71.19876098632812,1299200,2020-01-22
2020-01-23,73.66000366210938,74.19000244140625,72.58999633789062,73.97000122070312,71.49839782714844,1489400,2020-01-23
2020-01-24,74.41999816894531,74.61000061035156,73.48999786376953,74.33999633789062,71.85603332519531,995700,2020-01-24
2020-01-27,73.0999984741211,75.08999633789062,72.94999694824219,73.95999908447266,71.48873138427734,1898900,2020-01-27
2020-01-28,74.13999938964844,74.33000183105469,73.55000305175781,73.8499984741211,71.38240051269531,1574000,2020-01-28
2020-01-29,73.73999786376953,74.08000183105469,73.29000091552734,73.62000274658203,71.16010284423828,1306900,2020-01-29
2020-01-30,73.0,73.66000366210938,72.51000213623047,73.43000030517578,70.9764404296875,1278600,2020-01-30
2020-01-31,73.0999984741211,73.62000274658203,72.3499984741211,73.04000091552734,70.59947204589844,5712900,2020-01-31
2020-02-03,73.5999984741211,74.19000244140625,72.43000030517578,72.69999694824219,70.27082824707031,1440600,2020-02-03
2020-02-04,73.33999633789062,73.87000274658203,72.87999725341797,73.2699966430664,70.82179260253906,999200,2020-02-04
2020-02-05,73.63999938964844,74.80999755859375,73.5,73.70999908447266,71.2470932006836,1176400,2020-02-05
2020-02-06,73.93000030517578,74.41999816894531,73.26000213623047,74.02999877929688,71.55638885498047,1006500,2020-02-06
2020-02-07,73.66999816894531,74.44000244140625,73.16999816894531,73.33999633789062,70.88945007324219,1120700,2020-02-07
2020-02-10,73.11000061035156,73.44999694824219,72.5,72.77999877929688,70.34815216064453,893000,2020-02-10
2020-02-11,73.19000244140625,73.80000305175781,73.06999969482422,73.16000366210938,70.71546173095703,779400,2020-02-11
2020-02-12,73.2300033569336,73.83000183105469,73.12999725341797,73.41999816894531,70.9667739868164,620100,2020-02-12
2020-02-13,72.94000244140625,74.20999908447266,72.87000274658203,74.18000030517578,71.70137786865234,1084200,2020-02-13
2020-02-14,74.2699966430664,74.62999725341797,73.04000091552734,73.38999938964844,70.9377670288086,1402600,2020-02-14
2020-02-18,73.87999725341797,76.4800033569336,73.41000366210938,74.43000030517578,71.94303894042969,1188500,2020-02-18
2020-02-19,74.0199966430664,76.56999969482422,74.01000213623047,76.18000030517578,73.6345443725586,1762700,2020-02-19
2020-02-20,76.18000030517578,76.7300033569336,75.13999938964844,75.47000122070312,72.94828033447266,1871300,2020-02-20
2020-02-21,74.87999725341797,76.19999694824219,74.5199966430664,75.41000366210938,72.8902816772461,1727100,2020-02-21
2020-02-24,73.54000091552734,74.18000030517578,71.7699966430664,72.97000122070312,70.53182220458984,1823300,2020-02-24
2020-02-25,73.25,73.45999908447266,72.01000213623047,72.33999633789062,69.92285919189453,2659700,2020-02-25
2020-02-26,72.68000030517578,74.27999877929688,72.41000366210938,72.73999786376953,70.30949401855469,2505600,2020-02-26
2020-02-27,71.94000244140625,72.16000366210938,69.08000183105469,69.12999725341797,66.82010650634766,2810500,2020-02-27
2020-02-28,67.6500015258789,71.33000183105469,66.91000366210938,70.41999816894531,68.06700134277344,4858800,2020-02-28
2020-03-02,70.44000244140625,72.04000091552734,69.08999633789062,71.94000244140625,69.5362319946289,2449700,2020-03-02
2020-03-03,71.44999694824219,72.58999633789062,69.69000244140625,70.22000122070312,67.87369537353516,1959100,2020-03-03
2020-03-04,71.13999938964844,73.16999816894531,70.22000122070312,73.12999725341797,70.68645477294922,1531200,2020-03-04
2020-03-05,71.0999984741211,72.23999786376953,70.70999908447266,72.08000183105469,69.67155456542969,2126800,2020-03-05
2020-03-06,70.16999816894531,71.70999908447266,69.87000274658203,70.4800033569336,68.12501525878906,2759600,2020-03-06
2020-03-09,66.22000122070312,70.11000061035156,66.0,67.75,65.48623657226562,3523600,2020-03-09
2020-03-10,69.1500015258789,70.0999984741211,67.44999694824219,69.94999694824219,67.61271667480469,3563100,2020-03-10
2020-03-11,68.62000274658203,69.79000091552734,67.0,67.36000061035156,65.10926055908203,2911700,2020-03-11
2020-03-12,63.470001220703125,66.12999725341797,61.97999954223633,62.02000045776367,59.94768524169922,4430500,2020-03-12
2020-03-13,64.1500015258789,65.26000213623047,61.0099983215332,65.1500015258789,62.97309875488281,3102000,2020-03-13
2020-03-16,57.849998474121094,62.599998474121094,57.79999923706055,58.7400016784668,56.777286529541016,2589400,2020-03-16
2020-03-17,60.189998626708984,62.22999954223633,58.0,61.77000045776367,59.70603942871094,3161900,2020-03-17
2020-03-18,59.36000061035156,61.290000915527344,56.959999084472656,60.75,58.72012710571289,2262500,2020-03-18
2020-03-19,60.09000015258789,61.4900016784668,57.70000076293945,58.0099983215332,56.07167053222656,2202300,2020-03-19
2020-03-20,58.599998474121094,59.36000061035156,52.849998474121094,54.939998626708984,53.10425567626953,3215000,2020-03-20
2020-03-23,55.0,57.560001373291016,52.54999923706055,55.86000061035156,53.99351501464844,2307200,2020-03-23
2020-03-24,57.599998474121094,63.66999816894531,57.560001373291016,63.09000015258789,60.98193359375,2687300,2020-03-24
2020-03-25,63.630001068115234,67.29000091552734,61.27000045776367,64.4000015258789,62.24816131591797,2156500,2020-03-25
2020-03-26,64.7300033569336,66.0199966430664,62.58000183105469,65.19999694824219,63.02143478393555,2004600,2020-03-26
2020-03-27,63.56999969482422,66.69999694824219,62.38999938964844,65.11000061035156,62.9344367980957,1515700,2020-03-27
2020-03-30,65.5199966430664,67.33999633789062,63.86000061035156,66.97000122070312,64.73228454589844,1482400,2020-03-30
2020-03-31,66.19000244140625,67.61000061035156,65.95999908447266,66.72000122070312,64.49064636230469,1667700,2020-03-31
2020-04-01,64.94999694824219,67.55000305175781,64.01000213623047,65.4800033569336,63.292076110839844,1604200,2020-04-01
2020-04-02,65.87000274658203,67.95999908447266,65.31999969482422,67.69999694824219,65.4378890991211,2073700,2020-04-02
2020-04-03,67.2300033569336,68.44000244140625,66.3499984741211,67.0999984741211,64.85794830322266,1381600,2020-04-03
2020-04-06,68.7300033569336,69.66000366210938,68.02999877929688,69.20999908447266,66.8974380493164,1846200,2020-04-06
2020-04-07,70.19999694824219,71.86000061035156,70.19999694824219,70.68000030517578,68.31832885742188,1913800,2020-04-07
2020-04-08,71.05000305175781,73.0,70.19000244140625,72.47000122070312,70.04850769042969,1673300,2020-04-08
2020-04-09,72.62000274658203,73.47000122070312,71.0,71.4800033569336,69.09159088134766,1523800,2020-04-09
2020-04-13,71.3499984741211,71.68000030517578,69.69999694824219,70.55000305175781,68.19267272949219,985600,2020-04-13
2020-04-14,71.27999877929688,71.8499984741211,70.2300033569336,70.62000274658203,68.26033782958984,2195900,2020-04-14
2020-04-15,69.87000274658203,70.18000030517578,68.56999969482422,68.73999786376953,66.44314575195312,1625600,2020-04-15
2020-04-16,68.91999816894531,70.23999786376953,67.55999755859375,69.94999694824219,67.61271667480469,2049400,2020-04-16
2020-04-17,71.5999984741211,71.93000030517578,70.12999725341797,71.73999786376953,69.34290313720703,1523900,2020-04-17
2020-04-20,70.97000122070312,71.72000122070312,70.16000366210938,70.66999816894531,68.30864715576172,878600,2020-04-20
2020-04-21,69.81999969482422,70.41999816894531,69.16000366210938,69.66999816894531,67.34207153320312,1132300,2020-04-21
2020-04-22,70.77999877929688,70.77999877929688,69.0,70.37000274658203,68.0186767578125,1337400,2020-04-22
2020-04-23,70.3499984741211,71.7300033569336,69.70999908447266,70.22000122070312,67.87369537353516,1293800,2020-04-23
2020-04-24,70.48999786376953,72.06999969482422,69.51000213623047,71.93000030517578,69.52656555175781,1195000,2020-04-24
2020-04-27,72.20999908447266,72.7699966430664,71.68000030517578,72.29000091552734,69.8745346069336,1102700,2020-04-27
2020-04-28,72.95999908447266,73.2300033569336,71.75,71.91999816894531,69.51689147949219,1023900,2020-04-28
2020-04-29,73.0,73.0,71.11000061035156,72.48999786376953,70.06784057617188,1253700,2020-04-29
2020-04-30,72.05000305175781,72.48999786376953,70.83999633789062,71.61000061035156,69.21725463867188,2000400,2020-04-30
2020-05-01,71.0,71.75,70.2300033569336,71.36000061035156,68.9756088256836,1214400,2020-05-01
2020-05-04,70.66999816894531,71.48999786376953,69.54000091552734,71.41999816894531,69.03359985351562,1665400,2020-05-04
2020-05-05,72.18000030517578,74.54000091552734,72.01000213623047,72.9000015258789,70.46414947509766,1665800,2020-05-05
2020-05-06,71.91000366210938,73.37999725341797,71.13999938964844,72.73999786376953,70.30949401855469,1518400,2020-05-06
2020-05-07,73.81999969482422,75.06999969482422,73.12999725341797,74.37999725341797,71.89469146728516,1108500,2020-05-07
2020-05-08,74.91000366210938,75.55999755859375,74.06999969482422,74.83000183105469,72.32965850830078,1009200,2020-05-08
2020-05-11,74.05999755859375,75.48999786376953,73.81999969482422,75.08000183105469,72.5713119506836,1252400,2020-05-11
2020-05-12,75.30999755859375,75.41000366210938,73.56999969482422,73.56999969482422,71.11176300048828,1166800,2020-05-12
2020-05-13,73.44999694824219,74.41999816894531,72.33999633789062,73.30000305175781,70.85078430175781,1251100,2020-05-13
2020-05-14,72.54000091552734,73.0,71.06999969482422,72.9800033569336,70.5414810180664,1292700,2020-05-14
2020-05-15,72.30999755859375,73.47000122070312,71.29000091552734,71.51000213623047,69.12059020996094,4568400,2020-05-15
2020-05-18,73.18000030517578,73.80999755859375,72.3499984741211,73.69000244140625,71.22775268554688,2126700,2020-05-18
2020-05-19,74.04000091552734,74.04000091552734,71.8499984741211,71.91999816894531,69.51689147949219,1518000,2020-05-19
2020-05-20,72.80999755859375,73.9000015258789,72.45999908447266,72.73999786376953,70.30949401855469,1451200,2020-05-20
2020-05-21,72.27999877929688,72.88999938964844,72.05999755859375,72.19000244140625,69.77787017822266,886300,2020-05-21
2020-05-22,72.05999755859375,72.25,71.08999633789062,72.05999755859375,69.6522216796875,900000,2020-05-22
2020-05-26,73.19999694824219,74.47000122070312,72.44999694824219,73.66999816894531,71.20841217041016,1117100,2020-05-26
2020-05-27,75.0,75.45999908447266,74.01000213623047,75.37999725341797,72.86128997802734,1192800,2020-05-27
2020-05-28,75.5,76.41000366210938,75.12999725341797,75.66000366210938,73.13192749023438,1002500,2020-05-28
2020-05-29,75.01000213623047,76.5,74.41999816894531,76.37000274658203,74.32905578613281,2016100,2020-05-29
2020-06-01,76.0,76.36000061035156,73.62999725341797,75.58999633789062,73.56989288330078,853700,2020-06-01
2020-06-02,76.19000244140625,77.19000244140625,76.06999969482422,77.16000366210938,75.09795379638672,1186900,2020-06-02
2020-06-03,77.75,78.7300033569336,77.31999969482422,78.41999816894531,76.32426452636719,1290200,2020-06-03
2020-06-04,78.33999633789062,78.98999786376953,77.23999786376953,77.61000061035156,75.53591918945312,1144700,2020-06-04
2020-06-05,78.75,78.9000015258789,77.81999969482422,77.91999816894531,75.83763122558594,1318600,2020-06-05
2020-06-08,77.63999938964844,78.9000015258789,77.43000030517578,77.91999816894531,75.83763122558594,1069000,2020-06-08
2020-06-09,77.4000015258789,78.44000244140625,76.79000091552734,78.18000030517578,76.09069061279297,1209200,2020-06-09
2020-06-10,78.61000061035156,78.61000061035156,77.55999755859375,77.91000366210938,75.8279037475586,1414000,2020-06-10
2020-06-11,77.52999877929688,77.72000122070312,73.48999786376953,73.54000091552734,71.57467651367188,1698500,2020-06-11
2020-06-12,74.4000015258789,75.33000183105469,72.29000091552734,73.56999969482422,71.6038818359375,1024600,2020-06-12
2020-06-15,72.13999938964844,74.43000030517578,71.94000244140625,74.18000030517578,72.19757843017578,1247900,2020-06-15
2020-06-16,75.62999725341797,77.36000061035156,73.54000091552734,73.9800033569336,72.0029296875,1336800,2020-06-16
2020-06-17,74.5,75.05000305175781,73.55000305175781,73.9800033569336,72.0029296875,1313100,2020-06-17
2020-06-18,74.08000183105469,74.75,73.41000366210938,73.62000274658203,71.65255737304688,950800,2020-06-18
2020-06-19,74.4800033569336,74.73999786376953,72.41999816894531,73.55000305175781,71.58441925048828,2280100,2020-06-19
2020-06-22,73.11000061035156,75.27999877929688,72.12999725341797,74.58000183105469,72.5868911743164,1841700,2020-06-22
2020-06-23,75.44000244140625,76.06999969482422,74.5999984741211,75.43000030517578,73.41417694091797,1055000,2020-06-23
2020-06-24,75.0,75.47000122070312,73.48999786376953,73.62000274658203,71.65255737304688,1289300,2020-06-24
2020-06-25,73.44999694824219,74.08000183105469,72.30000305175781,72.98999786376953,71.03938293457031,1233000,2020-06-25
2020-06-26,72.83999633789062,74.01000213623047,72.58000183105469,73.54000091552734,71.57467651367188,2021800,2020-06-26
2020-06-29,74.12000274658203,75.06999969482422,73.69000244140625,74.30000305175781,72.31437683105469,872600,2020-06-29
2020-06-30,74.62000274658203,76.36000061035156,74.43000030517578,76.04000091552734,74.00787353515625,1124300,2020-06-30
2020-07-01,76.69999694824219,77.77999877929688,75.0999984741211,76.19000244140625,74.15386962890625,1310900,2020-07-01
2020-07-02,76.69999694824219,77.52999877929688,76.30999755859375,77.1500015258789,75.08821868896484,830600,2020-07-02
2020-07-06,77.94999694824219,78.41000366210938,76.79000091552734,77.23999786376953,75.1758041381836,888200,2020-07-06
2020-07-07,75.69999694824219,77.58000183105469,75.1500015258789,77.22000122070312,75.15634155273438,1234900,2020-07-07
2020-07-08,77.05999755859375,77.80000305175781,76.08999633789062,76.45999908447266,74.4166488647461,779600,2020-07-08
2020-07-09,76.68000030517578,77.29000091552734,75.91000366210938,77.04000091552734,74.98114013671875,728800,2020-07-09
2020-07-10,77.31999969482422,77.93000030517578,76.01000213623047,77.58000183105469,75.5067138671875,622500,2020-07-10
2020-07-13,78.29000091552734,78.58000183105469,77.05999755859375,77.2300033569336,75.16607666015625,801100,2020-07-13
2020-07-14,77.44000244140625,78.36000061035156,76.7300033569336,78.12000274658203,76.03227996826172,888600,2020-07-14
2020-07-15,79.0199966430664,80.02999877929688,78.23999786376953,79.83000183105469,77.69658660888672,970500,2020-07-15
2020-07-16,79.88999938964844,80.19000244140625,79.02999877929688,79.13999938964844,77.0250244140625,748100,2020-07-16
2020-07-17,79.56999969482422,79.98999786376953,79.33000183105469,79.62999725341797,77.5019302368164,1371600,2020-07-17
2020-07-20,79.37999725341797,80.01000213623047,78.93000030517578,79.41999816894531,77.29754638671875,679100,2020-07-20
2020-07-21,79.58999633789062,80.4800033569336,79.2300033569336,79.86000061035156,77.72579193115234,910100,2020-07-21
2020-07-22,79.95999908447266,80.13999938964844,79.33999633789062,79.51000213623047,77.38513946533203,560200,2020-07-22
2020-07-23,79.87000274658203,80.5,79.48999786376953,80.38999938964844,78.24162292480469,931800,2020-07-23
2020-07-24,80.33999633789062,80.79000091552734,80.02999877929688,80.19000244140625,78.04695892333984,576800,2020-07-24
2020-07-27,80.11000061035156,81.16999816894531,79.69000244140625,81.08000183105469,78.91317749023438,897300,2020-07-27
2020-07-28,81.05000305175781,81.12999725341797,79.41000366210938,79.44999694824219,77.32673645019531,612700,2020-07-28
2020-07-29,81.5,83.94000244140625,80.98999786376953,83.81999969482422,81.57994842529297,1366900,2020-07-29
2020-07-30,83.5,83.79000091552734,82.08000183105469,83.0199966430664,80.80133819580078,921200,2020-07-30
2020-07-31,82.87000274658203,84.9000015258789,82.6500015258789,84.51000213623047,82.25152587890625,2044600,2020-07-31
2020-08-03,84.3499984741211,85.87999725341797,84.30999755859375,85.83000183105469,83.53624725341797,2019700,2020-08-03
2020-08-04,86.0,87.6500015258789,84.20999908447266,86.83999633789062,84.51925659179688,1803800,2020-08-04
2020-08-05,81.69000244140625,85.9800033569336,81.51000213623047,84.08999633789062,81.84273529052734,2043800,2020-08-05
2020-08-06,84.54000091552734,85.06999969482422,83.97000122070312,84.52999877929688,82.27098083496094,1154800,2020-08-06
2020-08-07,84.69000244140625,85.70999908447266,84.5,85.44999694824219,83.16639709472656,1169300,2020-08-07
2020-08-10,84.98999786376953,86.02999877929688,84.69000244140625,85.19000244140625,82.91334533691406,1283000,2020-08-10
2020-08-11,85.55999755859375,86.66999816894531,85.19000244140625,85.69000244140625,83.39998626708984,1397600,2020-08-11
2020-08-12,86.5199966430664,87.0,85.95999908447266,86.1500015258789,83.84768676757812,995100,2020-08-12
2020-08-13,85.94000244140625,86.19999694824219,85.13999938964844,85.9800033569336,83.68223571777344,1194700,2020-08-13
2020-08-14,86.18000030517578,87.13999938964844,85.30999755859375,86.0999984741211,83.79901123046875,676100,2020-08-14
2020-08-17,86.2699966430664,86.9800033569336,86.12000274658203,86.5,84.18833923339844,736000,2020-08-17
2020-08-18,86.45999908447266,87.16000366210938,86.26000213623047,86.83999633789062,84.51925659179688,1075900,2020-08-18
2020-08-19,86.9800033569336,87.73999786376953,86.83999633789062,87.16999816894531,84.84042358398438,642700,2020-08-19
2020-08-20,86.51000213623047,87.18000030517578,86.31999969482422,86.86000061035156,84.5387191772461,906100,2020-08-20
2020-08-21,86.73999786376953,86.94999694824219,86.05999755859375,86.29000091552734,83.98394012451172,1232600,2020-08-21
2020-08-24,86.91000366210938,87.25,86.41999816894531,87.13999938964844,84.81123352050781,845600,2020-08-24
2020-08-25,87.44999694824219,87.63999938964844,86.9000015258789,87.44000244140625,85.10321807861328,621600,2020-08-25
2020-08-26,87.04000091552734,87.62000274658203,86.70999908447266,87.55000305175781,85.21028137207031,848700,2020-08-26
2020-08-27,87.83000183105469,88.12999725341797,87.26000213623047,87.5,85.16160583496094,1068400,2020-08-27
2020-08-28,88.04000091552734,88.97000122070312,87.47000122070312,88.87999725341797,86.50472259521484,699700,2020-08-28
2020-08-31,88.83000183105469,89.12000274658203,88.0,88.38999938964844,86.02783203125,900900,2020-08-31
2020-09-01,88.73999786376953,89.75,87.76000213623047,89.68000030517578,87.28335571289062,778000,2020-09-01
2020-09-02,89.58000183105469,91.22000122070312,89.58000183105469,90.7699966430664,88.34422302246094,1284800,2020-09-02
2020-09-03,90.88999938964844,91.0,87.93000030517578,88.55000305175781,86.18354797363281,970600,2020-09-03
2020-09-04,89.0,89.4000015258789,86.70999908447266,87.80000305175781,85.4535903930664,866300,2020-09-04
2020-09-08,87.68000030517578,87.93000030517578,86.2300033569336,86.45999908447266,84.14939880371094,1463100,2020-09-08
2020-09-09,87.66999816894531,90.19999694824219,87.23999786376953,89.55000305175781,87.15681457519531,1011600,2020-09-09
2020-09-10,89.5199966430664,89.81999969482422,88.54000091552734,88.61000061035156,86.24195098876953,1096300,2020-09-10
2020-09-11,88.93000030517578,90.63999938964844,88.93000030517578,90.36000061035156,87.94518280029297,1569800,2020-09-11
2020-09-14,90.80000305175781,91.8499984741211,90.69000244140625,91.20999908447266,88.7724609375,1339500,2020-09-14
2020-09-15,91.25,93.58000183105469,91.02999877929688,93.30000305175781,90.8066177368164,1372300,2020-09-15
2020-09-16,95.12000274658203,95.12000274658203,91.30000305175781,91.5199966430664,89.07417297363281,1112500,2020-09-16
2020-09-17,90.69999694824219,92.79000091552734,90.36000061035156,92.37999725341797,89.91119384765625,1176100,2020-09-17
2020-09-18,93.66000366210938,93.79000091552734,90.69000244140625,91.31999969482422,88.87952423095703,2407500,2020-09-18
2020-09-21,89.97000122070312,90.36000061035156,87.30000305175781,88.33000183105469,85.96943664550781,1008700,2020-09-21
2020-09-22,88.68000030517578,89.77999877929688,88.44000244140625,89.16000366210938,86.77725219726562,1142500,2020-09-22
2020-09-23,89.66999816894531,90.69999694824219,88.6500015258789,88.73999786376953,86.36846923828125,1017100,2020-09-23
2020-09-24,88.38999938964844,90.08999633789062,87.75,89.36000061035156,86.9719009399414,907800,2020-09-24
2020-09-25,88.87000274658203,90.69999694824219,88.30999755859375,90.31999969482422,87.90625762939453,629600,2020-09-25
2020-09-28,91.45999908447266,92.19000244140625,90.97000122070312,91.37000274658203,88.92819213867188,742600,2020-09-28
2020-09-29,91.48999786376953,92.12000274658203,90.9000015258789,91.62999725341797,89.18123626708984,690200,2020-09-29
2020-09-30,91.76000213623047,92.19000244140625,89.94999694824219,90.5199966430664,88.10089874267578,1181100,2020-09-30
2020-10-01,91.12000274658203,91.47000122070312,88.86000061035156,89.29000091552734,86.90377807617188,1080100,2020-10-01
2020-10-02,88.52999877929688,90.0999984741211,88.30999755859375,89.6500015258789,87.25416564941406,841000,2020-10-02
2020-10-05,90.2300033569336,91.19000244140625,90.2300033569336,91.08999633789062,88.6556625366211,822300,2020-10-05
2020-10-06,91.30000305175781,91.36000061035156,89.19999694824219,89.31999969482422,86.93297576904297,808900,2020-10-06
2020-10-07,90.33000183105469,91.41999816894531,89.93000030517578,90.73999786376953,88.31503295898438,865700,2020-10-07
2020-10-08,91.05000305175781,91.81999969482422,90.36000061035156,91.66000366210938,89.21043395996094,962900,2020-10-08
2020-10-09,92.06999969482422,92.5999984741211,91.75,92.45999908447266,89.98905944824219,670100,2020-10-09
2020-10-12,92.83999633789062,93.4000015258789,92.43000030517578,93.26000213623047,90.7676773071289,824900,2020-10-12
2020-10-13,93.19999694824219,94.08000183105469,92.01000213623047,92.87000274658203,90.38810729980469,1004300,2020-10-13
2020-10-14,93.19999694824219,94.44000244140625,92.91999816894531,93.75,91.24458312988281,721600,2020-10-14
2020-10-15,93.52999877929688,93.95999908447266,92.66999816894531,93.86000061035156,91.35164642333984,516100,2020-10-15
2020-10-16,93.91000366210938,93.95999908447266,92.81999969482422,93.29000091552734,90.796875,1391800,2020-10-16
2020-10-19,93.68000030517578,93.9000015258789,92.25,92.55999755859375,90.08638000488281,965800,2020-10-19
2020-10-20,93.30999755859375,94.9000015258789,92.9000015258789,93.7300033569336,91.22511291503906,794200,2020-10-20
2020-10-21,93.86000061035156,95.29000091552734,93.48999786376953,93.77999877929688,91.27377319335938,863800,2020-10-21
2020-10-22,94.16000366210938,94.55999755859375,93.27999877929688,94.2699966430664,91.75067901611328,736200,2020-10-22
2020-10-23,94.38999938964844,95.37999725341797,93.95999908447266,95.19999694824219,92.65583038330078,532600,2020-10-23
2020-10-26,94.52999877929688,94.87999725341797,93.33999633789062,94.2699966430664,91.75067901611328,1153400,2020-10-26
2020-10-27,94.58999633789062,95.05000305175781,94.16999816894531,94.27999877929688,91.76042175292969,939600,2020-10-27
2020-10-28,92.80999755859375,93.41999816894531,89.1500015258789,89.19000244140625,86.80644989013672,1422700,2020-10-28
2020-10-29,89.19999694824219,90.43000030517578,88.23999786376953,89.41000366210938,87.02056884765625,1206300,2020-10-29
2020-10-30,88.68000030517578,89.75,86.91000366210938,88.37000274658203,86.00836181640625,1782900,2020-10-30
2020-11-02,89.69000244140625,90.11000061035156,87.94000244140625,88.62000274658203,86.2516860961914,1751800,2020-11-02
2020-11-03,89.16000366210938,91.73999786376953,85.01000213623047,86.88999938964844,84.56790924072266,2276400,2020-11-03
2020-11-04,88.01000213623047,89.48999786376953,86.5,86.93000030517578,84.60684967041016,1723200,2020-11-04
2020-11-05,87.94000244140625,88.97000122070312,86.87000274658203,87.41000366210938,85.07402038574219,1490200,2020-11-05
2020-11-06,87.70999908447266,88.69999694824219,86.83000183105469,88.31999969482422,85.95970153808594,931200,2020-11-06
2020-11-09,92.55000305175781,93.0,87.23999786376953,87.30999755859375,84.9766845703125,1818200,2020-11-09
2020-11-10,87.11000061035156,88.94000244140625,86.75,88.27999877929688,85.92076110839844,1276300,2020-11-10
2020-11-11,88.94999694824219,89.58999633789062,87.70999908447266,88.61000061035156,86.24195098876953,813700,2020-11-11
2020-11-12,88.86000061035156,89.33000183105469,87.23999786376953,87.7699966430664,85.42439270019531,1088500,2020-11-12
2020-11-13,88.72000122070312,90.16000366210938,86.69999694824219,89.19000244140625,86.80644989013672,1172000,2020-11-13
2020-11-16,90.3499984741211,91.16000366210938,89.06999969482422,90.2699966430664,87.8575668334961,1045100,2020-11-16
2020-11-17,89.73999786376953,90.11000061035156,88.80000305175781,89.9000015258789,87.49747467041016,847300,2020-11-17
2020-11-18,89.91999816894531,91.93000030517578,89.56999969482422,90.1500015258789,87.74079132080078,1108900,2020-11-18
2020-11-19,89.98999786376953,90.5,89.0999984741211,90.27999877929688,87.8673095703125,949300,2020-11-19
2020-11-20,90.25,90.72000122070312,88.86000061035156,88.98999786376953,86.61178588867188,1200200,2020-11-20
2020-11-23,89.33000183105469,89.7300033569336,88.47000122070312,88.77999877929688,86.40740203857422,1393700,2020-11-23
2020-11-24,89.62000274658203,91.62999725341797,89.12999725341797,90.33999633789062,87.92570495605469,1159700,2020-11-24
2020-11-25,90.37999725341797,90.62000274658203,88.88999938964844,90.30000305175781,87.88678741455078,773100,2020-11-25
2020-11-27,89.69999694824219,90.05000305175781,88.8499984741211,88.95999908447266,86.58258819580078,1031900,2020-11-27
2020-11-30,88.62000274658203,89.47000122070312,88.05999755859375,89.37000274658203,87.49305725097656,2782500,2020-11-30
2020-12-01,89.33000183105469,91.5,88.98999786376953,89.75,87.8650894165039,1354000,2020-12-01
2020-12-02,89.66999816894531,90.12000274658203,87.94999694824219,88.63999938964844,86.77838897705078,930900,2020-12-02
2020-12-03,88.62999725341797,89.75,88.19999694824219,88.69999694824219,86.83712005615234,926300,2020-12-03
2020-12-04,88.86000061035156,90.62999725341797,88.76000213623047,90.05999755859375,88.16857147216797,944500,2020-12-04
2020-12-07,90.06999969482422,90.38999938964844,89.29000091552734,89.75,87.8650894165039,842900,2020-12-07
2020-12-08,89.61000061035156,90.30999755859375,89.08999633789062,90.05999755859375,88.16857147216797,719500,2020-12-08
2020-12-09,90.30000305175781,90.83000183105469,90.05999755859375,90.62999725341797,88.72659301757812,650300,2020-12-09
2020-12-10,90.37000274658203,90.9000015258789,88.8499984741211,89.69999694824219,87.81612396240234,868800,2020-12-10
2020-12-11,89.66999816894531,91.0199966430664,88.70999908447266,90.48999786376953,88.58953094482422,898400,2020-12-11
2020-12-14,91.18000030517578,91.88999938964844,89.87999725341797,90.18000030517578,88.28604888916016,1080800,2020-12-14
2020-12-15,90.83999633789062,91.41999816894531,89.80000305175781,90.12999725341797,88.23710632324219,1661300,2020-12-15
2020-12-16,90.37000274658203,92.12000274658203,90.08999633789062,91.4000015258789,89.48043823242188,1109400,2020-12-16
2020-12-17,91.36000061035156,94.31999969482422,91.36000061035156,94.02999877929688,92.05519104003906,1092500,2020-12-17
2020-12-18,93.91000366210938,95.47000122070312,93.5199966430664,95.4000015258789,93.39641571044922,2478200,2020-12-18
2020-12-21,93.88999938964844,95.4800033569336,92.88999938964844,94.37999725341797,92.39784240722656,1045400,2020-12-21
2020-12-22,94.51000213623047,94.97000122070312,93.97000122070312,94.69999694824219,92.71112060546875,940500,2020-12-22
2020-12-23,95.12999725341797,95.63999938964844,94.01000213623047,94.51000213623047,92.52510833740234,658500,2020-12-23
2020-12-24,94.80000305175781,95.11000061035156,94.22000122070312,94.63999938964844,92.65238189697266,191100,2020-12-24
2020-12-28,95.0,95.5199966430664,94.56999969482422,95.2300033569336,93.22998809814453,409400,2020-12-28
2020-12-29,95.2300033569336,95.7300033569336,94.4800033569336,94.66000366210938,92.67196655273438,567200,2020-12-29
2020-12-30,94.87999725341797,95.19999694824219,94.23999786376953,94.58000183105469,92.59364318847656,567100,2020-12-30
2020-12-31,94.4800033569336,95.16999816894531,94.0999984741211,95.11000061035156,93.11251068115234,468900,2020-12-31
2021-01-04,95.37000274658203,95.9000015258789,91.68000030517578,92.30999755859375,90.3713150024414,1310200,2021-01-04
2021-01-05,92.33999633789062,92.76000213623047,91.33999633789062,92.05999755859375,90.12655639648438,789800,2021-01-05
2021-01-06,92.0,94.41000366210938,91.44000244140625,94.05999755859375,92.08455657958984,1082400,2021-01-06
2021-01-07,94.69999694824219,95.30999755859375,93.75,94.13999938964844,92.16287994384766,1113200,2021-01-07
2021-01-08,94.12999725341797,95.83000183105469,93.81999969482422,94.41999816894531,92.43699645996094,1111400,2021-01-08
2021-01-11,94.11000061035156,94.97000122070312,93.91000366210938,93.97000122070312,91.99645233154297,1020300,2021-01-11
2021-01-12,93.41999816894531,97.23999786376953,93.27999877929688,97.06999969482422,95.03134155273438,1455300,2021-01-12
2021-01-13,95.75,96.27999877929688,94.18000030517578,94.66999816894531,92.68175506591797,1189100,2021-01-13
2021-01-14,95.37000274658203,96.2300033569336,94.22000122070312,94.44000244140625,92.45658111572266,1256500,2021-01-14
2021-01-15,94.25,94.33000183105469,91.9800033569336,93.19000244140625,91.23284149169922,1367100,2021-01-15
2021-01-19,93.66999816894531,94.06999969482422,92.4800033569336,93.05999755859375,91.10556030273438,939800,2021-01-19
2021-01-20,93.70999908447266,94.41999816894531,92.69000244140625,94.11000061035156,92.13351440429688,1128700,2021-01-20
2021-01-21,94.44999694824219,95.19999694824219,94.0,94.02999877929688,92.05519104003906,637100,2021-01-21
2021-01-22,94.06999969482422,94.88999938964844,92.83000183105469,93.7699966430664,91.80065155029297,1554000,2021-01-22
2021-01-25,93.56999969482422,94.62999725341797,92.44000244140625,93.97000122070312,91.99645233154297,1577600,2021-01-25
2021-01-26,94.54000091552734,95.4800033569336,93.95999908447266,94.38999938964844,92.40763092041016,1255400,2021-01-26
2021-01-27,93.55000305175781,94.58000183105469,91.48999786376953,93.91000366210938,91.93770599365234,1401600,2021-01-27
2021-01-28,94.48999786376953,94.48999786376953,92.93000030517578,93.0,91.04682159423828,1128600,2021-01-28
2021-01-29,92.76000213623047,93.97000122070312,89.3499984741211,89.5199966430664,87.63990020751953,1921200,2021-01-29
2021-02-01,89.95999908447266,90.66000366210938,88.81999969482422,90.48999786376953,88.58953094482422,991600,2021-02-01
2021-02-02,91.23999786376953,92.11000061035156,90.61000061035156,90.66999816894531,88.76575469970703,855400,2021-02-02
2021-02-03,90.9000015258789,91.37999725341797,90.20999908447266,91.08999633789062,89.17692565917969,1162600,2021-02-03
2021-02-04,90.7300033569336,91.66000366210938,90.02999877929688,91.33999633789062,89.42168426513672,857400,2021-02-04
2021-02-05,91.81999969482422,93.0,91.31999969482422,92.91000366210938,90.9587173461914,1053800,2021-02-05
2021-02-08,93.12000274658203,94.68000030517578,93.05999755859375,94.63999938964844,92.65238189697266,1004700,2021-02-08
2021-02-09,94.9800033569336,97.12999725341797,94.72000122070312,96.91999816894531,94.8844985961914,888800,2021-02-09
2021-02-10,97.62999725341797,98.08000183105469,96.61000061035156,97.5199966430664,95.47189331054688,1275800,2021-02-10
2021-02-11,98.08999633789062,98.37000274658203,95.13999938964844,95.8499984741211,93.83696746826172,1231200,2021-02-11
2021-02-12,95.66000366210938,96.83999633789062,95.62000274658203,96.58000183105469,94.5516357421875,913800,2021-02-12
2021-02-16,95.75,97.5199966430664,92.25,93.44999694824219,91.48735809326172,1441200,2021-02-16
2021-02-17,93.7300033569336,94.4800033569336,92.0,94.41999816894531,92.43699645996094,1281200,2021-02-17
2021-02-18,92.5,94.6500015258789,92.05000305175781,94.22000122070312,92.24120330810547,910800,2021-02-18
2021-02-19,94.80999755859375,95.22000122070312,92.94999694824219,93.44000244140625,91.47757720947266,1245700,2021-02-19
2021-02-22,93.0,93.9800033569336,91.47000122070312,93.19000244140625,91.23284149169922,1573300,2021-02-22
2021-02-23,92.86000061035156,93.06999969482422,91.0999984741211,91.66000366210938,89.73497009277344,1245400,2021-02-23
2021-02-24,91.30999755859375,92.44999694824219,91.16999816894531,92.05999755859375,90.12655639648438,1435600,2021-02-24
2021-02-25,92.05999755859375,93.37999725341797,91.51000213623047,91.97000122070312,90.0384521484375,1047100,2021-02-25
2021-02-26,92.12999725341797,92.80000305175781,91.29000091552734,91.83999633789062,89.91117858886719,1676600,2021-02-26
2021-03-01,92.62000274658203,94.30999755859375,92.12000274658203,93.75,91.78106689453125,836600,2021-03-01
2021-03-02,93.63999938964844,94.77999877929688,92.98999786376953,94.44000244140625,92.45658111572266,1120400,2021-03-02
2021-03-03,94.58999633789062,95.1500015258789,93.25,93.33999633789062,91.37967681884766,998000,2021-03-03
2021-03-04,93.69000244140625,94.19999694824219,92.36000061035156,93.30000305175781,91.34053039550781,1173100,2021-03-04
2021-03-05,93.83999633789062,96.62000274658203,92.69000244140625,96.55000305175781,94.52227020263672,1234400,2021-03-05
2021-03-08,97.0,98.80000305175781,96.08000183105469,96.4000015258789,94.37541961669922,1044400,2021-03-08
2021-03-09,96.9000015258789,98.86000061035156,96.52999877929688,97.45999908447266,95.41315460205078,1298300,2021-03-09
2021-03-10,98.22000122070312,98.61000061035156,96.83999633789062,97.45999908447266,95.41315460205078,840000,2021-03-10
2021-03-11,97.30999755859375,99.36000061035156,97.30000305175781,99.04000091552734,96.95996856689453,948000,2021-03-11
2021-03-12,99.77999877929688,100.66999816894531,99.0999984741211,100.44000244140625,98.33056640625,665400,2021-03-12
2021-03-15,100.91999816894531,102.83000183105469,100.58000183105469,102.63999938964844,100.48436737060547,1152500,2021-03-15
2021-03-16,102.75,103.2699966430664,101.66999816894531,101.87999725341797,99.74031829833984,851000,2021-03-16
2021-03-17,101.48999786376953,102.77999877929688,100.9000015258789,102.55000305175781,100.3962631225586,816700,2021-03-17
2021-03-18,102.37000274658203,104.62999725341797,102.05999755859375,103.73999786376953,101.56126403808594,1013700,2021-03-18
2021-03-19,103.6500015258789,104.0,102.36000061035156,103.30000305175781,101.13050842285156,2192700,2021-03-19
2021-03-22,103.54000091552734,104.16000366210938,102.2300033569336,103.06999969482422,100.90532684326172,997600,2021-03-22
2021-03-23,102.5199966430664,103.36000061035156,101.37999725341797,101.58999633789062,99.45640563964844,869000,2021-03-23
2021-03-24,101.86000061035156,103.27999877929688,101.68000030517578,102.2300033569336,100.08297729492188,1031900,2021-03-24
2021-03-25,102.63999938964844,103.91999816894531,101.37000274658203,103.44999694824219,101.27735137939453,843100,2021-03-25
2021-03-26,104.4800033569336,107.87999725341797,103.62000274658203,107.80000305175781,105.53599548339844,875100,2021-03-26
2021-03-29,107.94999694824219,108.77999877929688,107.19999694824219,108.4000015258789,106.1233901977539,908000,2021-03-29
2021-03-30,108.26000213623047,109.0,106.91000366210938,107.23999786376953,104.98775482177734,1005100,2021-03-30
2021-03-31,107.62999725341797,108.66000366210938,107.0999984741211,107.69000244140625,105.42829895019531,1279700,2021-03-31
2021-04-01,107.4800033569336,108.94000244140625,106.7300033569336,108.76000213623047,106.47583770751953,861700,2021-04-01
2021-04-05,109.0,110.62999725341797,108.94000244140625,110.55999755859375,108.23802947998047,591400,2021-04-05
2021-04-06,109.83000183105469,110.55000305175781,109.6500015258789,109.94000244140625,107.63105010986328,688000,2021-04-06
2021-04-07,109.58000183105469,109.62000274658203,107.30999755859375,107.61000061035156,105.34998321533203,1023100,2021-04-07
2021-04-08,107.80999755859375,108.9000015258789,107.13999938964844,108.48999786376953,106.21149444580078,825000,2021-04-08
2021-04-09,108.80999755859375,109.75,108.19999694824219,108.91999816894531,106.63247680664062,741600,2021-04-09
2021-04-12,109.0999984741211,109.68000030517578,108.55000305175781,109.5199966430664,107.2198715209961,1175200,2021-04-12
2021-04-13,109.6500015258789,109.86000061035156,108.27999877929688,109.41999816894531,107.1219711303711,790900,2021-04-13
2021-04-14,108.87000274658203,109.6500015258789,108.01000213623047,109.22000122070312,106.9261703491211,1313200,2021-04-14
2021-04-15,109.83999633789062,111.2699966430664,109.02999877929688,111.0999984741211,108.76668548583984,779800,2021-04-15
2021-04-16,111.66999816894531,112.70999908447266,110.94000244140625,111.2300033569336,108.89395904541016,1516800,2021-04-16
2021-04-19,111.19000244140625,111.19000244140625,109.55999755859375,110.22000122070312,107.9051742553711,635200,2021-04-19
2021-04-20,110.87000274658203,110.91000366210938,109.83999633789062,110.44999694824219,108.13034057617188,712500,2021-04-20
2021-04-21,111.05000305175781,111.76000213623047,110.0999984741211,110.2300033569336,107.91496276855469,731600,2021-04-21
2021-04-22,109.77999877929688,111.5999984741211,109.55000305175781,110.29000091552734,107.97370910644531,858600,2021-04-22
2021-04-23,111.04000091552734,111.5199966430664,110.1500015258789,110.83999633789062,108.51213836669922,718300,2021-04-23
2021-04-26,111.0,111.18000030517578,109.2300033569336,109.62000274658203,107.31777954101562,851800,2021-04-26
2021-04-27,110.30000305175781,110.98999786376953,109.2300033569336,109.44999694824219,107.15133666992188,1062900,2021-04-27
2021-04-28,109.88999938964844,109.88999938964844,108.7300033569336,109.08999633789062,106.79888916015625,854700,2021-04-28
2021-04-29,109.86000061035156,111.27999877929688,109.58999633789062,110.86000061035156,108.53172302246094,808000,2021-04-29
2021-04-30,110.69999694824219,111.12000274658203,109.04000091552734,109.86000061035156,107.55272674560547,1375800,2021-04-30
2021-05-03,110.45999908447266,113.83999633789062,110.27999877929688,113.08000183105469,110.70510864257812,1054500,2021-05-03
2021-05-04,112.94999694824219,115.7699966430664,112.06999969482422,113.81999969482422,111.4295654296875,2223000,2021-05-04
2021-05-05,113.8499984741211,114.66000366210938,112.12000274658203,113.4800033569336,111.09671020507812,1841700,2021-05-05
2021-05-06,114.27999877929688,115.66999816894531,113.8499984741211,115.63999938964844,113.21133422851562,2163300,2021-05-06
2021-05-07,115.69999694824219,118.80000305175781,115.30000305175781,118.66999816894531,116.17769622802734,1105900,2021-05-07
2021-05-10,118.26000213623047,121.04000091552734,118.26000213623047,120.05000305175781,117.52872467041016,1475900,2021-05-10
2021-05-11,119.5999984741211,119.98999786376953,116.8499984741211,117.66999816894531,115.19869995117188,1141300,2021-05-11
2021-05-12,116.93000030517578,117.4000015258789,115.29000091552734,115.52999877929688,113.10364532470703,1752400,2021-05-12
2021-05-13,115.75,119.01000213623047,115.43000030517578,118.5,116.01127624511719,850400,2021-05-13
2021-05-14,118.5,119.98999786376953,118.4000015258789,119.61000061035156,117.09796142578125,706400,2021-05-14
2021-05-17,119.30000305175781,121.0,119.01000213623047,120.66000366210938,118.12590789794922,1217500,2021-05-17
2021-05-18,122.56999969482422,122.56999969482422,119.51000213623047,119.5999984741211,117.08817291259766,1599200,2021-05-18
2021-05-19,117.94000244140625,119.44999694824219,116.68000030517578,119.30999755859375,116.80426025390625,1306300,2021-05-19
2021-05-20,119.66000366210938,122.38999938964844,117.63999938964844,121.48999786376953,118.93848419189453,1593400,2021-05-20
2021-05-21,121.30999755859375,123.6500015258789,121.30999755859375,122.08999633789062,119.52587127685547,1436700,2021-05-21
2021-05-24,122.87999725341797,124.26000213623047,122.6500015258789,124.02999877929688,121.42513275146484,966400,2021-05-24
2021-05-25,124.3499984741211,124.81999969482422,122.77999877929688,122.97000122070312,120.38740539550781,1288100,2021-05-25
2021-05-26,123.23999786376953,124.25,122.27999877929688,124.06999969482422,121.46429443359375,1116500,2021-05-26
2021-05-27,124.80000305175781,126.30000305175781,124.1500015258789,125.05999755859375,122.43350219726562,4853600,2021-05-27
2021-05-28,125.01000213623047,126.01000213623047,123.83999633789062,125.69000244140625,123.62361145019531,1227200,2021-05-28
2021-06-01,126.5,126.56999969482422,122.30000305175781,123.19000244140625,121.16471099853516,1404200,2021-06-01
2021-06-02,123.4800033569336,123.88999938964844,122.16000366210938,122.80000305175781,120.78112030029297,1131200,2021-06-02
2021-06-03,122.38999938964844,124.26000213623047,121.88999938964844,124.01000213623047,121.97122955322266,1103800,2021-06-03
2021-06-04,124.51000213623047,124.97000122070312,122.9000015258789,124.0999984741211,122.05974578857422,769100,2021-06-04
2021-06-07,125.0,125.16999816894531,123.75,124.75,122.69906616210938,789000,2021-06-07
2021-06-08,124.55999755859375,124.70999908447266,123.45999908447266,124.2699966430664,122.22694396972656,821400,2021-06-08
2021-06-09,124.38999938964844,124.68000030517578,122.56999969482422,123.73999786376953,121.70565795898438,2175900,2021-06-09
2021-06-10,124.47000122070312,125.54000091552734,123.76000213623047,125.44000244140625,123.37772369384766,1515100,2021-06-10
2021-06-11,125.29000091552734,125.81999969482422,124.87000274658203,125.66000366210938,123.5941162109375,1284000,2021-06-11
2021-06-14,125.93000030517578,126.29000091552734,124.13999938964844,124.8499984741211,122.79742431640625,1376000,2021-06-14
2021-06-15,125.2300033569336,125.7300033569336,123.95999908447266,125.48999786376953,123.42689514160156,799500,2021-06-15
2021-06-16,125.61000061035156,125.87999725341797,123.37000274658203,123.73999786376953,121.70565795898438,1032700,2021-06-16
2021-06-17,123.5199966430664,123.87999725341797,121.27999877929688,122.37000274658203,120.35819244384766,1220600,2021-06-17
2021-06-18,121.37000274658203,121.83000183105469,120.5,120.5999984741211,118.61729431152344,1777200,2021-06-18
2021-06-21,121.51000213623047,124.19999694824219,120.87999725341797,123.44999694824219,121.4204330444336,888800,2021-06-21
2021-06-22,123.62000274658203,126.25,123.29000091552734,125.70999908447266,123.64328002929688,1086500,2021-06-22
2021-06-23,126.13999938964844,126.23999786376953,124.62000274658203,125.12999725341797,123.07281494140625,692100,2021-06-23
2021-06-24,126.02999877929688,126.04000091552734,124.33999633789062,125.05000305175781,122.99413299560547,797200,2021-06-24
2021-06-25,124.29000091552734,126.37000274658203,124.2300033569336,125.75,123.68262481689453,1341400,2021-06-25
2021-06-28,128.02999877929688,128.02999877929688,125.2300033569336,125.7699966430664,123.7022933959961,1085800,2021-06-28
2021-06-29,125.6500015258789,126.55999755859375,125.38999938964844,126.12000274658203,124.04654693603516,891500,2021-06-29
2021-06-30,126.19999694824219,126.81999969482422,125.66000366210938,126.5999984741211,124.5186538696289,1164900,2021-06-30
2021-07-01,126.93000030517578,127.33999633789062,126.22000122070312,127.27999877929688,125.18746948242188,1086400,2021-07-01
2021-07-02,127.62999725341797,128.14999389648438,127.13999938964844,128.0,125.8956298828125,862800,2021-07-02
2021-07-06,128.07000732421875,128.10000610351562,125.5199966430664,127.0,124.91207122802734,1088400,2021-07-06
2021-07-07,127.04000091552734,129.25999450683594,126.7300033569336,129.14999389648438,127.02672576904297,1058900,2021-07-07
2021-07-08,127.97000122070312,128.5399932861328,126.6500015258789,126.87999725341797,124.7940444946289,838100,2021-07-08
2021-07-09,127.73999786376953,128.5399932861328,127.33999633789062,128.39999389648438,126.28905487060547,1676800,2021-07-09
2021-07-12,128.5399932861328,129.0800018310547,127.93000030517578,128.19000244140625,126.08250427246094,1187600,2021-07-12
2021-07-13,128.02999877929688,128.75,127.26000213623047,127.41000366210938,125.31533813476562,793600,2021-07-13
2021-07-14,127.81999969482422,128.92999267578125,127.66000366210938,128.1199951171875,126.01365661621094,941200,2021-07-14
2021-07-15,128.0,128.38999938964844,127.37000274658203,127.43000030517578,125.33500671386719,787000,2021-07-15
2021-07-16,127.5,127.73999786376953,126.30000305175781,126.80000305175781,124.71536254882812,1426100,2021-07-16
2021-07-19,126.33999633789062,126.94999694824219,125.5,126.68000030517578,124.59733581542969,1056700,2021-07-19
2021-07-20,126.7300033569336,129.10000610351562,126.63999938964844,128.6199951171875,126.50543975830078,1093700,2021-07-20
2021-07-21,128.92999267578125,129.58999633789062,128.24000549316406,128.94000244140625,126.82018280029297,791900,2021-07-21
2021-07-22,129.0,129.52000427246094,128.0399932861328,128.3800048828125,126.26939392089844,814600,2021-07-22
2021-07-23,129.00999450683594,130.49000549316406,128.27000427246094,130.36000061035156,128.2168426513672,592300,2021-07-23
2021-07-26,130.02999877929688,130.75999450683594,128.77999877929688,129.60000610351562,127.46934509277344,733700,2021-07-26
2021-07-27,127.31999969482422,127.9800033569336,125.68000030517578,126.3499984741211,124.27275848388672,1516400,2021-07-27
2021-07-28,126.37000274658203,126.48999786376953,123.5999984741211,125.16000366210938,123.10232543945312,1023900,2021-07-28
2021-07-29,126.05999755859375,127.22000122070312,125.33000183105469,126.97000122070312,124.882568359375,958000,2021-07-29
2021-07-30,126.91000366210938,128.97000122070312,126.37999725341797,128.25,126.14152526855469,1637700,2021-07-30
2021-08-02,127.94000244140625,128.52999877929688,126.3499984741211,126.58999633789062,124.5088119506836,1027800,2021-08-02
2021-08-03,123.44000244140625,127.37000274658203,122.05999755859375,126.62000274658203,124.53832244873047,1270200,2021-08-03
2021-08-04,127.0,127.0,125.51000213623047,125.54000091552734,123.47607421875,1042900,2021-08-04
2021-08-05,125.62999725341797,126.6500015258789,123.43000030517578,124.16000366210938,122.11876678466797,977500,2021-08-05
2021-08-06,124.56999969482422,125.2699966430664,123.66000366210938,124.23999786376953,122.19744873046875,804100,2021-08-06
2021-08-09,123.8499984741211,124.12000274658203,122.75,122.80000305175781,120.78112030029297,735800,2021-08-09
2021-08-10,123.13999938964844,123.44999694824219,122.08000183105469,122.30000305175781,120.28935241699219,823800,2021-08-10
2021-08-11,122.5999984741211,124.68000030517578,122.30999755859375,123.33999633789062,121.31224060058594,905400,2021-08-11
2021-08-12,123.77999877929688,124.06999969482422,122.06999969482422,122.27999877929688,120.26966857910156,976800,2021-08-12
2021-08-13,122.29000091552734,124.55000305175781,122.0999984741211,123.91000366210938,121.87287902832031,744500,2021-08-13
2021-08-16,123.4800033569336,125.58999633789062,123.19000244140625,125.52999877929688,123.46623992919922,872200,2021-08-16
2021-08-17,125.0,125.06999969482422,122.69999694824219,124.19000244140625,122.14826965332031,784700,2021-08-17
2021-08-18,123.41999816894531,124.01000213623047,121.43000030517578,121.5199966430664,119.52216339111328,1085100,2021-08-18
2021-08-19,120.52999877929688,122.9800033569336,120.45999908447266,122.12999725341797,120.12213134765625,900400,2021-08-19
2021-08-20,122.41999816894531,123.19000244140625,121.91999816894531,123.02999877929688,121.00733947753906,886700,2021-08-20
2021-08-23,123.43000030517578,124.9000015258789,123.1500015258789,123.55000305175781,121.51879119873047,713300,2021-08-23
2021-08-24,123.6500015258789,123.86000061035156,122.69999694824219,122.76000213623047,120.74178314208984,537600,2021-08-24
2021-08-25,122.77999877929688,124.4800033569336,121.55999755859375,124.12999725341797,122.0892562866211,590300,2021-08-25
2021-08-26,123.97000122070312,124.01000213623047,122.41000366210938,122.86000061035156,120.84014129638672,552500,2021-08-26
2021-08-27,123.33999633789062,124.75,122.81999969482422,124.56999969482422,122.52202606201172,590900,2021-08-27
2021-08-30,125.0,126.19000244140625,124.75,125.54000091552734,123.47607421875,703900,2021-08-30
2021-08-31,125.62999725341797,125.8499984741211,123.80999755859375,124.63999938964844,122.59086608886719,1367000,2021-08-31
2021-09-01,124.54000091552734,124.69000244140625,121.18000030517578,122.91999816894531,120.89913940429688,928100,2021-09-01
2021-09-02,123.54000091552734,124.04000091552734,122.80999755859375,124.02999877929688,121.99090576171875,785800,2021-09-02
2021-09-03,123.93000030517578,124.19000244140625,122.73999786376953,123.56999969482422,121.53846740722656,750300,2021-09-03
2021-09-07,123.80999755859375,123.9800033569336,122.30999755859375,122.87999725341797,120.85980224609375,757700,2021-09-07
2021-09-08,122.43000030517578,123.8499984741211,122.43000030517578,123.7699966430664,121.73517608642578,619100,2021-09-08
2021-09-09,123.9000015258789,125.87999725341797,122.94000244140625,123.44999694824219,121.4204330444336,1366100,2021-09-09
2021-09-10,124.2300033569336,126.29000091552734,123.69999694824219,125.76000213623047,123.69245910644531,888300,2021-09-10
2021-09-13,126.68000030517578,128.4600067138672,125.58000183105469,127.3499984741211,125.25631713867188,1293500,2021-09-13
2021-09-14,127.98999786376953,129.99000549316406,127.61000061035156,128.27999877929688,126.1710205078125,1456200,2021-09-14
2021-09-15,128.57000732421875,129.83999633789062,127.76000213623047,128.2899932861328,126.18086242675781,804400,2021-09-15
2021-09-16,128.49000549316406,128.92999267578125,126.5,126.72000122070312,124.63667297363281,651200,2021-09-16
2021-09-17,125.95999908447266,126.08999633789062,122.83999633789062,123.73999786376953,121.70565795898438,1517200,2021-09-17
2021-09-20,122.45999908447266,122.91000366210938,120.29000091552734,121.20999908447266,119.2172622680664,1199000,2021-09-20
2021-09-21,122.16999816894531,123.19999694824219,120.8499984741211,121.30000305175781,119.30577850341797,898100,2021-09-21
2021-09-22,121.5199966430664,124.33999633789062,121.08999633789062,123.04000091552734,121.01718139648438,941500,2021-09-22
2021-09-23,123.41000366210938,125.27999877929688,123.4000015258789,124.9800033569336,122.92528533935547,791100,2021-09-23
2021-09-24,124.08999633789062,125.20999908447266,123.95999908447266,124.69000244140625,122.64005279541016,510200,2021-09-24
2021-09-27,124.45999908447266,125.0199966430664,123.56999969482422,123.83000183105469,121.794189453125,575900,2021-09-27
2021-09-28,123.27999877929688,123.47000122070312,120.61000061035156,120.9000015258789,118.91236114501953,726600,2021-09-28
2021-09-29,121.4000015258789,121.95999908447266,120.3499984741211,121.05999755859375,119.0697250366211,484900,2021-09-29
2021-09-30,121.86000061035156,122.66999816894531,118.62000274658203,119.12999725341797,117.17145538330078,1093200,2021-09-30
2021-10-01,120.0999984741211,120.0999984741211,115.5199966430664,116.16000366210938,114.25028991699219,1049400,2021-10-01
2021-10-04,115.77999877929688,116.72000122070312,113.8499984741211,114.3499984741211,112.47004699707031,1123200,2021-10-04
2021-10-05,114.66000366210938,116.77999877929688,114.33999633789062,115.22000122070312,113.32573699951172,1119900,2021-10-05
2021-10-06,114.19999694824219,116.01000213623047,113.38999938964844,115.66000366210938,113.75850677490234,968500,2021-10-06
2021-10-07,116.88999938964844,117.43000030517578,114.98999786376953,115.47000122070312,113.5716323852539,1228300,2021-10-07
2021-10-08,115.44000244140625,116.13999938964844,113.25,114.29000091552734,112.41102600097656,942000,2021-10-08
2021-10-11,114.63999938964844,116.33999633789062,114.48999786376953,115.41999816894531,113.52245330810547,857800,2021-10-11
2021-10-12,115.61000061035156,117.61000061035156,115.56999969482422,115.95999908447266,114.05358123779297,806200,2021-10-12
2021-10-13,116.06999969482422,116.54000091552734,113.8499984741211,116.13999938964844,114.23062133789062,772200,2021-10-13
2021-10-14,116.80000305175781,118.30999755859375,116.0,118.16999816894531,116.22724151611328,997800,2021-10-14
2021-10-15,118.41000366210938,118.79000091552734,115.66999816894531,116.05999755859375,114.15192413330078,1246100,2021-10-15
2021-10-18,116.23999786376953,119.98999786376953,116.19000244140625,118.7300033569336,116.77803802490234,1108000,2021-10-18
2021-10-19,119.12999725341797,119.5199966430664,117.30999755859375,118.73999786376953,116.7878646850586,828400,2021-10-19
2021-10-20,119.12000274658203,119.38999938964844,117.76000213623047,119.05999755859375,117.10260772705078,776300,2021-10-20
2021-10-21,119.29000091552734,120.7300033569336,118.62999725341797,120.18000030517578,118.20419311523438,677500,2021-10-21
2021-10-22,119.62000274658203,123.25,119.62000274658203,123.02999877929688,121.00733947753906,818500,2021-10-22
2021-10-25,122.88999938964844,124.04000091552734,122.08999633789062,123.36000061035156,121.33191680908203,716700,2021-10-25
2021-10-26,124.36000061035156,125.68000030517578,123.48999786376953,123.5,121.46961975097656,975200,2021-10-26
2021-10-27,123.55000305175781,123.61000061035156,119.72000122070312,119.77999877929688,117.81077575683594,962500,2021-10-27
2021-10-28,120.0,122.5199966430664,119.87999725341797,122.30999755859375,120.29917907714844,712200,2021-10-28
2021-10-29,121.37000274658203,124.19999694824219,121.08000183105469,123.26000213623047,121.23356628417969,1273700,2021-10-29
2021-11-01,123.51000213623047,125.97000122070312,122.69999694824219,125.83999633789062,123.7711410522461,954600,2021-11-01
2021-11-02,127.52999877929688,128.4600067138672,120.8499984741211,121.91000366210938,119.90576171875,1312600,2021-11-02
2021-11-03,122.95999908447266,127.8499984741211,121.16999816894531,127.69999694824219,125.6005630493164,1300100,2021-11-03
2021-11-04,128.0,131.6199951171875,126.04000091552734,130.72999572753906,128.58074951171875,1257000,2021-11-04
2021-11-05,131.2100067138672,131.2100067138672,124.63999938964844,125.16999816894531,123.11215209960938,1446200,2021-11-05
2021-11-08,125.70999908447266,126.08999633789062,122.97000122070312,125.41000366210938,123.34822082519531,2438900,2021-11-08
2021-11-09,124.76000213623047,126.2699966430664,124.76000213623047,125.29000091552734,123.23018646240234,669100,2021-11-09
2021-11-10,124.63999938964844,125.63999938964844,122.55000305175781,125.5199966430664,123.45640563964844,1080200,2021-11-10
2021-11-11,126.61000061035156,127.43000030517578,125.91999816894531,126.58000183105469,124.49897766113281,561400,2021-11-11
2021-11-12,126.94000244140625,129.0,126.62999725341797,128.17999267578125,126.07266235351562,672900,2021-11-12
2021-11-15,128.2899932861328,128.89999389648438,126.9800033569336,128.88999938964844,126.77099609375,613500,2021-11-15
2021-11-16,128.88999938964844,130.8300018310547,128.38999938964844,130.44000244140625,128.29551696777344,628500,2021-11-16
2021-11-17,130.44000244140625,130.44000244140625,127.73999786376953,128.02000427246094,125.91531372070312,775700,2021-11-17
2021-11-18,128.19000244140625,128.74000549316406,126.29000091552734,127.51000213623047,125.41368865966797,748200,2021-11-18
2021-11-19,127.88999938964844,129.61000061035156,127.30000305175781,128.7899932861328,126.67263793945312,982600,2021-11-19
2021-11-22,129.1699981689453,132.27999877929688,128.69000244140625,130.0500030517578,127.91193389892578,1000200,2021-11-22
2021-11-23,130.0,130.60000610351562,127.79000091552734,128.6999969482422,126.58412170410156,979100,2021-11-23
2021-11-24,128.3800048828125,128.83999633789062,126.86000061035156,126.93000030517578,124.84322357177734,888400,2021-11-24
2021-11-26,125.16000366210938,129.50999450683594,123.12999725341797,123.88999938964844,121.85319519042969,1348600,2021-11-26
2021-11-29,124.70999908447266,127.73999786376953,124.62999725341797,126.76000213623047,124.676025390625,1276600,2021-11-29
2021-11-30,125.75,126.31999969482422,120.62999725341797,121.62000274658203,120.17037200927734,5540400,2021-11-30
2021-12-01,123.05000305175781,126.12000274658203,121.58999633789062,123.01000213623047,121.5438003540039,1602900,2021-12-01
2021-12-02,118.58999633789062,123.6500015258789,115.01000213623047,122.5999984741211,121.13868713378906,2113400,2021-12-02
2021-12-03,123.58000183105469,126.19999694824219,122.2699966430664,125.80000305175781,124.30054473876953,1377300,2021-12-03
2021-12-06,126.61000061035156,127.0,125.01000213623047,126.30000305175781,124.79459381103516,855300,2021-12-06
2021-12-07,127.05000305175781,129.88999938964844,126.38999938964844,129.4499969482422,127.90703582763672,1102100,2021-12-07
2021-12-08,129.9499969482422,130.3000030517578,127.87999725341797,128.72999572753906,127.19561004638672,883700,2021-12-08
2021-12-09,128.47000122070312,129.1999969482422,127.08999633789062,128.27000427246094,126.74110412597656,492700,2021-12-09
2021-12-10,128.4499969482422,131.1999969482422,127.69999694824219,131.00999450683594,129.4484405517578,1010300,2021-12-10
2021-12-13,131.11000061035156,135.85000610351562,131.11000061035156,134.2899932861328,132.6893310546875,1955900,2021-12-13
2021-12-14,133.60000610351562,135.5399932861328,131.86000061035156,133.1699981689453,131.5826873779297,1634100,2021-12-14
2021-12-15,133.9600067138672,135.64999389648438,133.42999267578125,135.11000061035156,133.49957275390625,1115300,2021-12-15
2021-12-16,136.25999450683594,137.8000030517578,135.08999633789062,135.6199951171875,134.0034942626953,1161900,2021-12-16
2021-12-17,135.33999633789062,136.36000061035156,129.61000061035156,129.92999267578125,128.3813018798828,2759600,2021-12-17
2021-12-20,128.2100067138672,128.7899932861328,125.5999984741211,127.02999877929688,125.51588439941406,1351400,2021-12-20
2021-12-21,127.81999969482422,128.67999267578125,126.05000305175781,127.47000122070312,125.95064544677734,800800,2021-12-21
2021-12-22,127.2300033569336,129.17999267578125,126.43000030517578,129.0800018310547,127.54145050048828,680600,2021-12-22
2021-12-23,129.66000366210938,131.75999450683594,129.17999267578125,130.75999450683594,129.201416015625,471000,2021-12-23
2021-12-27,131.52999877929688,133.14999389648438,130.89999389648438,133.0399932861328,131.45423889160156,435300,2021-12-27
2021-12-28,133.8300018310547,133.8300018310547,132.6999969482422,132.97000122070312,131.3850860595703,413500,2021-12-28
2021-12-29,133.07000732421875,134.27000427246094,132.49000549316406,133.17999267578125,131.5925750732422,1012600,2021-12-29
2021-12-30,133.30999755859375,134.24000549316406,132.89999389648438,133.39999389648438,131.80995178222656,472000,2021-12-30
2021-12-31,133.02000427246094,135.10000610351562,132.6300048828125,134.2899932861328,132.6893310546875,574000,2021-12-31
